107      ALLIN: All-INDIA                      MINIMUM TEMPERATURE(Degree Centigrade)    
ALLIN1901N  10.5  12.3  16.3  20.5  23.4  24.7  23.9  23.3  22.0  19.7  14.4  10.7
ALLIN1902N  10.4  11.9  17.3  21.0  23.9  24.5  23.6  23.4  22.2  18.9  14.0  10.6
ALLIN1903N  10.4  11.6  15.6  20.2  23.2  24.6  24.0  23.2  22.7  19.4  13.5   9.7
ALLIN1904N  10.1  11.8  16.2  21.0  23.2  24.1  23.2  22.9  21.7  18.7  13.4  10.9
ALLIN1905N   9.7   9.4  15.2  18.7  23.7  25.1  23.8  23.5  22.5  18.8  14.6  10.2
ALLIN1906N   9.7  12.3  15.5  20.7  24.4  24.3  23.8  23.1  22.3  19.1  14.4  11.3
ALLIN1907N  11.0  12.5  15.4  19.6  22.4  24.0  23.9  23.0  21.9  18.7  14.4   9.4
ALLIN1908N   9.8  11.8  15.5  21.6  23.5  24.8  23.4  23.0  22.0  18.4  12.9   9.1
ALLIN1909N  10.5  11.7  16.3  19.9  23.2  23.8  23.2  22.8  22.0  18.5  14.2  11.4
ALLIN1910N  10.0  11.5  16.0  20.2  23.4  23.9  23.3  23.1  22.3  18.7  13.1   9.7
ALLIN1911N  11.5  11.2  15.5  20.3  23.9  24.1  23.9  23.1  22.3  19.3  14.8  10.7
ALLIN1912N  10.8  13.3  15.6  20.7  23.7  24.8  23.7  23.0  21.4  18.4  13.7  10.0
ALLIN1913N   9.3  13.0  14.8  21.1  22.7  23.5  23.2  22.8  21.9  18.7  13.3  10.8
ALLIN1914N  10.4  12.4  15.7  20.0  23.5  24.3  23.7  23.0  22.4  18.1  14.8  10.5
ALLIN1915N  10.6  11.9  16.4  20.8  24.5  24.7  24.1  23.5  22.7  20.6  15.5  10.3
ALLIN1916N  10.1  12.0  16.9  21.5  23.5  23.8  23.5  23.2  22.4  19.9  14.2   9.6
ALLIN1917N   9.9  12.2  15.4  19.1  21.4  23.6  23.5  23.2  22.3  19.4  13.4  10.4
ALLIN1918N   9.1  11.8  16.1  19.5  23.8  23.5  23.9  23.2  21.9  18.2  14.5  10.3
ALLIN1919N  11.5  12.1  16.6  20.3  23.2  24.5  23.5  23.3  21.9  18.6  14.9  10.6
ALLIN1920N  10.9  11.8  16.5  20.2  21.9  24.1  23.7  22.7  22.2  19.3  14.5   9.9
ALLIN1921N  10.8  11.4  17.2  21.7  24.7  24.3  23.9  23.1  22.0  18.3  13.2  11.3
ALLIN1922N  10.7  12.7  16.5  21.2  23.7  23.9  23.5  23.0  22.3  18.2  14.2  10.1
ALLIN1923N  10.2  12.2  16.4  20.9  23.4  25.4  23.5  23.1  22.1  18.3  13.9  11.3
ALLIN1924N  10.6  12.6  17.1  21.5  22.7  25.0  23.9  23.3  22.1  19.0  14.2  11.2
ALLIN1925N   9.0  10.6  16.0  21.5  23.2  23.7  23.3  23.1  22.0  19.0  14.5  10.1
ALLIN1926N  10.9  13.1  16.4  19.0  22.8  25.2  23.9  23.4  22.3  18.4  12.3  10.1
ALLIN1927N   9.8  12.0  15.5  20.3  23.0  24.2  23.5  23.0  21.9  19.0  13.9  11.4
ALLIN1928N  10.8  12.7  16.3  20.5  24.0  24.1  23.5  23.2  22.2  19.7  14.4  11.0
ALLIN1929N  10.3  11.5  16.8  21.1  24.1  24.1  23.5  22.8  22.0  18.6  13.9  10.8
ALLIN1930N   9.9  11.2  16.3  20.4  23.5  24.0  23.3  22.9  22.1  19.2  13.8  10.4
ALLIN1931N  10.9  12.6  15.9  21.5  23.7  24.8  23.5  23.7  22.3  19.6  14.1  10.9
ALLIN1932N  10.5  11.2  16.3  20.5  23.2  24.9  23.7  23.0  22.3  19.2  14.2  10.4
ALLIN1933N   9.5  13.0  16.2  19.7  22.4  24.0  23.7  23.0  22.2  18.9  13.9  10.6
ALLIN1934N   9.4  11.9  15.7  20.5  23.3  24.1  23.5  23.1  22.3  17.9  13.3  10.9
ALLIN1935N   9.5  12.5  15.8  19.2  23.7  24.5  23.6  22.8  21.9  18.3  13.7  10.7
ALLIN1936N   9.8  12.4  16.1  20.3  24.3  23.5  23.5  23.1  22.3  18.6  15.2  11.3
ALLIN1937N   8.9  13.2  15.5  19.9  23.4  24.6  23.6  23.3  22.3  18.4  13.8   9.8
ALLIN1938N  10.9  11.4  17.2  21.1  24.2  23.6  23.5  23.2  22.2  19.1  12.8  10.1
ALLIN1939N  10.5  12.8  15.3  20.0  23.9  24.2  23.6  23.3  22.2  19.5  13.5  10.1
ALLIN1940N   9.7  12.4  15.5  20.0  23.8  24.5  23.7  23.1  21.8  18.7  14.8  10.9
ALLIN1941N  10.5  12.7  17.5  22.1  24.4  24.6  23.9  23.6  22.4  19.8  13.9  11.5
ALLIN1942N  10.2  13.0  16.9  21.6  24.4  25.1  23.7  23.1  22.0  18.2  13.9  10.6
ALLIN1943N  11.6  11.2  16.2  19.9  23.6  24.0  23.4  22.9  22.4  18.6  14.2  10.3
ALLIN1944N  10.3  12.1  15.9  19.8  24.3  24.2  23.7  23.3  22.0  18.6  14.0  11.5
ALLIN1945N   9.6  10.9  16.1  19.9  23.3  24.7  23.6  23.3  22.4  18.7  13.2   9.0
ALLIN1946N   9.2  13.0  16.0  21.3  23.7  24.2  23.6  23.4  22.1  19.5  15.0  11.7
ALLIN1947N  10.3  12.2  17.0  21.3  24.0  25.1  23.7  23.5  22.6  18.4  14.0  11.1
ALLIN1948N  11.2  12.4  16.0  21.4  24.2  24.8  23.7  23.3  22.3  19.6  15.4  10.3
ALLIN1949N  11.0  12.0  16.7  21.2  24.2  24.4  23.6  23.2  22.7  19.7  12.8   9.7
ALLIN1950N  10.6  11.3  15.9  20.0  23.8  24.5  23.6  23.0  22.1  18.3  12.9   9.8
ALLIN1951N   9.5  11.4  16.5  19.8  23.4  24.3  23.8  23.4  22.4  20.8  15.2  10.3
ALLIN1952N  10.5  13.6  16.0  21.6  24.2  24.5  23.8  23.1  22.3  19.1  13.2  11.2
ALLIN1953N  10.4  13.4  18.2  21.2  24.4  25.0  23.8  23.2  22.4  18.8  13.2  11.2
ALLIN1954N   9.6  13.6  16.6  21.5  24.4  24.6  23.6  23.3  22.5  17.9  13.0  10.5
ALLIN1955N  10.7  12.7  17.5  19.4  23.3  24.5  23.5  23.2  22.4  19.4  13.4  10.4
ALLIN1956N  10.5  11.5  16.9  21.4  24.4  24.0  23.1  22.8  22.4  19.3  14.2  11.1
ALLIN1957N  11.0  11.3  15.5  20.2  23.4  24.3  23.8  23.3  21.9  19.0  15.0  11.8
ALLIN1958N  11.5  12.7  17.1  22.0  23.9  25.3  23.9  23.3  22.7  19.9  15.3  12.0
ALLIN1959N  11.0  12.3  16.5  21.2  24.0  24.6  23.6  23.4  22.6  20.0  14.4  10.9
ALLIN1960N   9.9  12.9  16.1  20.3  23.6  24.5  23.8  23.5  22.5  18.9  13.7  11.5
ALLIN1961N  11.0  11.5  17.2  20.8  23.7  24.1  23.6  23.4  22.6  19.0  13.9   9.4
ALLIN1962N   8.6  12.6  16.1  20.9  23.3  24.2  23.7  23.0  22.1  18.0  13.8  11.2
ALLIN1963N   9.1  12.4  16.1  20.1  22.9  23.9  23.6  23.2  22.0  19.4  15.5  11.3
ALLIN1964N   9.4  12.1  17.0  21.3  22.7  24.1  23.1  23.0  22.0  19.2  13.2  10.2
ALLIN1965N  10.8  12.0  15.3  19.8  22.9  24.5  23.3  22.6  21.7  19.0  14.5  10.7
ALLIN1966N  10.4  13.1  15.9  20.8  23.2  24.2  23.9  23.0  21.6  18.6  15.4  10.0
ALLIN1967N   9.3  12.1  15.7  19.7  23.0  24.2  23.4  22.7  21.8  18.2  13.6  12.5
ALLIN1968N  10.0  11.4  15.9  19.8  22.8  24.0  23.3  22.7  22.1  18.4  13.8  10.2
ALLIN1969N   9.5  12.2  17.4  21.0  23.1  24.5  23.5  22.8  21.8  18.8  15.5  10.7
ALLIN1970N  10.3  12.2  16.2  21.0  23.6  23.3  23.3  22.8  22.0  19.1  13.1   8.8
ALLIN1971N   9.4  11.6  15.3  20.3  22.2  23.2  22.8  22.5  21.7  19.1  13.2   9.9
ALLIN1972N   9.4  10.8  16.3  19.9  23.4  24.6  23.6  22.8  21.4  18.6  14.4  11.7
ALLIN1973N  10.3  13.2  16.1  21.7  23.9  24.3  23.5  22.9  22.1  19.0  13.6  10.4
ALLIN1974N   9.2  11.3  16.7  21.2  23.0  23.7  23.1  22.8  21.8  19.3  13.4   9.8
ALLIN1975N   9.2  12.1  15.9  20.7  23.7  23.8  22.8  22.8  21.9  19.8  12.8   9.4
ALLIN1976N   9.8  12.2  16.1  20.1  22.9  23.5  23.2  22.6  21.7  18.8  16.3  11.1
ALLIN1977N   9.6  12.4  17.1  20.7  22.4  23.6  23.4  23.0  21.9  19.0  16.4  11.0
ALLIN1978N   9.5  12.2  15.4  20.5  24.0  24.0  23.2  23.0  21.8  18.8  15.6  11.1
ALLIN1979N  11.0  12.1  15.4  20.6  22.7  24.4  23.7  23.0  21.9  19.4  16.7  11.8
ALLIN1980N  10.5  12.7  16.5  21.5  24.0  24.0  23.6  23.1  22.2  19.1  14.9  11.2
ALLIN1981N  10.2  12.2  16.3  20.7  23.3  24.3  23.5  23.0  22.2  18.9  13.9  10.6
ALLIN1982N  10.8  12.3  15.5  20.0  22.5  24.1  23.7  23.1  21.9  19.0  14.8  11.2
ALLIN1983N   9.7  11.8  15.8  19.6  22.8  24.1  23.6  23.1  22.1  18.8  13.1  10.6
ALLIN1984N  10.3  11.6  16.6  20.8  23.9  24.2  23.2  22.8  21.3  18.5  13.4  10.7
ALLIN1985N  10.8  11.7  17.1  20.8  23.5  23.8  23.2  23.0  21.9  18.5  13.9  11.6
ALLIN1986N  10.2  12.5  16.5  20.6  22.7  24.1  23.6  22.9  21.9  18.8  15.0  11.2
ALLIN1987N  10.7  12.5  16.3  20.3  22.4  24.5  23.7  23.3  22.6  19.7  15.0  11.2
ALLIN1988N  10.8  12.9  16.5  20.9  23.9  24.3  23.4  23.1  22.4  18.8  14.0  11.2
ALLIN1989N   9.6  11.5  16.0  19.8  23.4  23.7  23.5  23.0  22.0  18.9  14.5  10.9
ALLIN1990N  10.6  12.8  15.7  20.0  23.2  24.3  23.5  23.2  22.2  18.8  15.1  11.4
ALLIN1991N   9.8  13.0  16.8  20.2  23.6  24.1  23.8  23.0  22.0  18.2  13.8  10.9
ALLIN1992N   9.7  11.5  16.1  20.2  22.6  24.2  23.4  22.9  21.6  18.9  14.6  10.4
ALLIN1993N  10.2  12.4  15.5  20.2  23.4  24.1  23.4  23.1  21.9  19.3  14.7  10.5
ALLIN1994N  11.4  12.3  17.0  20.1  23.7  24.3  23.5  23.2  21.6  18.6  14.6  10.4
ALLIN1995N   9.5  12.6  16.1  20.1  23.6  25.0  23.9  23.5  22.2  19.7  14.7  11.5
ALLIN1996N  11.0  12.9  17.4  20.4  23.4  24.1  23.7  23.0  22.3  19.1  14.1  10.1
ALLIN1997N   9.6  11.4  16.5  19.4  22.4  23.8  24.0  23.3  22.4  18.8  16.2  12.5
ALLIN1998N  10.9  13.0  15.9  21.1  24.3  24.9  23.9  23.7  22.8  20.4  15.9  10.6
ALLIN1999N   9.7  13.7  16.7  21.4  23.5  23.8  23.7  23.1  22.6  19.7  15.0  10.7
ALLIN2000N  10.5  12.0  15.6  21.3  23.8  23.9  23.4  23.2  22.1  19.6  15.3  10.4
ALLIN2001N   9.9  12.8  16.6  20.7  23.7  23.7  23.8  23.5  22.4  19.9  15.5  11.3
ALLIN2002N  10.6  13.0  17.3  21.5  24.2  24.4  24.5  23.3  21.9  19.3  15.0  11.5
ALLIN2003N  10.0  13.7  16.6  21.3  23.5  24.6  23.8  23.4  22.5  19.1  14.9  11.5
ALLIN2004N  10.6  12.5  17.8  21.6  23.5  23.7  23.5  23.1  22.3  18.6  14.6  11.4
ALLIN2005N  10.7  13.1  17.4  20.3  23.0  24.8  23.9  23.2  22.5  19.3  13.6  10.2
ALLIN2006N  11.0  14.3  16.8  20.9  23.8  24.1  24.0  23.2  22.4  19.9  16.0  12.0
ALLIN2007N  10.8  13.7  16.6  21.7  24.0  24.6  24.0  23.6  22.8  18.8  15.6  11.6
107      WHIND: WESTERN HIMALAYA OF INDIA      MINIMUM TEMPERATURE    
WHIND1901N  -3.9  -2.8   2.1   5.1   9.7  12.4  14.9  16.0  10.0   6.3  -0.7  -4.2
WHIND1902N  -5.7  -3.4   1.9   5.5  10.4  12.7  14.7  13.8  10.2   5.1   1.1  -4.9
WHIND1903N  -5.5  -2.2   0.7   5.1   9.1  12.1  13.8  15.3  13.2   6.3   0.6  -3.7
WHIND1904N  -4.8  -2.1   2.3   6.8   9.9  13.0  15.1  14.6   9.2   4.8   0.7  -1.4
WHIND1905N  -3.9  -6.1  -0.8   4.1  10.5  12.7  15.2  16.0  11.0   4.4   0.4  -2.1
WHIND1906N  -6.1  -3.6   0.6   5.9  11.3  13.5  15.6  15.9  11.8   6.2   0.1  -1.9
WHIND1907N  -1.8  -2.3  -0.3   5.6   8.5  11.3  13.6  15.2   9.7   5.7   0.7  -5.7
WHIND1908N  -2.9  -2.5   0.8   6.5   9.7  12.5  16.8  16.1  10.5   4.6  -0.2  -3.6
WHIND1909N  -6.0  -5.7   1.6   6.6   9.3  13.4  15.4  15.7  10.7   5.8   1.1  -2.3
WHIND1910N  -3.6  -2.2   1.6   5.3  10.6  13.4  15.8  16.2  11.4   3.8  -2.0  -3.2
WHIND1911N  -3.1  -2.8   0.6   6.3  10.1  14.2  14.3  15.6  11.7   5.3  -0.2  -2.5
WHIND1912N  -2.1  -1.2   0.4   6.3   9.6  12.1  16.6  15.0   8.4   4.0  -0.7  -2.5
WHIND1913N  -3.7  -1.8  -0.2   6.2   9.8  13.6  15.1  14.8   9.1   4.1  -0.1  -2.5
WHIND1914N  -2.2  -2.3   0.7   5.5   9.9  15.3  17.3  14.6  12.6   5.4   2.6  -2.9
WHIND1915N  -5.4  -4.7   0.9   6.4  11.9  12.7  15.8  16.0  12.9   7.0  -0.8  -5.2
WHIND1916N  -4.0  -2.3   2.9   7.1   8.8  15.0  15.7  16.4  11.4   6.4  -1.1  -4.8
WHIND1917N  -5.2  -2.6   0.7   3.9  10.0  13.8  16.0  16.3  13.2   5.4  -0.7  -2.7
WHIND1918N  -4.9  -1.8   2.0   4.4  11.5  14.0  14.9  15.7   9.0   4.1   0.0  -3.4
WHIND1919N  -3.0  -5.6   1.5   5.6   9.4  14.5  16.5  16.4   9.7   3.4  -2.4  -3.3
WHIND1920N  -3.7  -5.1   0.9   5.3   7.0  11.9  16.4  13.7  10.1   4.6  -0.3  -4.2
WHIND1921N  -3.7  -6.1   2.8   7.7  11.6  12.0  15.3  15.9  11.2   4.3   0.4  -0.5
WHIND1922N  -2.4  -0.6   2.6   5.9   9.8  13.1  15.9  15.9  12.5   4.2  -1.7  -2.7
WHIND1923N  -3.8  -1.3   2.3   6.7  11.9  13.8  14.9  16.2   9.4   4.4  -0.9  -2.3
WHIND1924N  -4.7  -2.2   2.4   6.7   7.4  12.0  16.5  16.0  10.5   4.6  -1.0  -1.1
WHIND1925N  -4.4  -3.0   1.6   7.7   9.7  13.9  16.6  14.5  10.3   5.3  -0.5  -6.3
WHIND1926N  -3.9  -0.7   1.1   4.1   9.7  12.4  15.8  17.0  11.7   4.6  -2.7  -3.2
WHIND1927N  -4.9  -3.0  -0.1   4.9   9.0  11.4  16.4  16.0   9.7   5.3  -0.4  -1.6
WHIND1928N  -2.7  -1.5   1.6   6.5  10.4  12.7  15.3  15.0  10.8   5.3   1.1  -2.6
WHIND1929N  -3.7  -4.5   2.3   6.6   9.6  12.8  15.4  15.4  10.8   5.9   0.2  -3.1
WHIND1930N  -5.1  -5.5   2.4   5.8  10.0  12.8  16.1  14.6   9.8   5.7  -0.5  -4.0
WHIND1931N  -2.4  -2.6   1.0   7.0   9.9  11.8  14.0  16.3  11.0   7.4   0.6  -3.5
WHIND1932N  -4.1  -2.9   2.9   6.3   8.7  13.3  16.5  14.6   9.8   4.4  -1.5  -5.2
WHIND1933N  -6.0  -1.6   1.4   4.5   9.2  13.6  16.7  15.9  11.3   5.4   0.2  -2.8
WHIND1934N  -5.0  -1.0   0.8   6.1   8.3  13.2  15.8  14.9  10.4   3.1  -1.0  -2.5
WHIND1935N  -4.9  -2.4   1.6   3.9   9.5  11.6  15.4  14.5  10.0   4.3   1.4  -2.5
WHIND1936N  -4.3  -2.6   0.8   5.3  11.8  13.5  15.6  14.7  11.5   4.8   0.6  -1.2
WHIND1937N  -3.5  -1.9   0.3   5.9  10.0  13.7  15.3  15.1   9.9   4.2  -0.4  -3.3
WHIND1938N  -6.0  -5.3   1.2   6.9  11.2  13.6  15.6  15.2   9.0   4.6  -2.0  -2.3
WHIND1939N  -3.4  -2.1   0.0   4.3   9.7  13.3  16.0  14.8  10.6   6.2  -0.4  -4.3
WHIND1940N  -4.3  -2.2   0.6   5.1  10.2  13.8  16.2  14.5   9.4   4.6   0.3  -3.9
WHIND1941N  -3.7  -2.2   3.0   7.7  11.5  14.6  15.3  15.3  10.9   7.5   0.8  -0.7
WHIND1942N  -3.6  -1.5   3.1   6.9  10.2  13.4  16.4  15.8  11.2   4.8   1.4  -2.2
WHIND1943N  -3.5  -2.3   1.9   5.6   9.1  12.6  16.0  15.8  12.1   3.7   0.0  -3.2
WHIND1944N  -4.5  -4.2   1.2   6.0  10.7  12.3  17.6  16.1   9.7   4.3   0.6  -0.6
WHIND1945N  -4.2  -4.0   1.9   5.0   9.2  12.9  16.4  15.0  12.0   5.1   0.0  -4.8
WHIND1946N  -3.7  -0.5   1.3   7.7  10.6  13.7  15.9  16.2  10.3   6.7  -0.9  -3.5
WHIND1947N  -6.6  -2.6   2.3   6.6  10.7  13.1  14.7  15.7  12.0   5.0  -0.4  -2.7
WHIND1948N  -5.1  -4.1   0.3   7.2  10.2  12.0  15.0  15.7  10.8   6.3  -1.4  -1.8
WHIND1949N  -1.9  -4.0   2.2   7.3  11.5  12.5  16.3  14.8  11.0   5.1  -1.5  -4.2
WHIND1950N  -2.9  -3.7   0.7   4.6  10.1  13.8  17.1  15.5  10.2   5.4  -0.1  -3.8
WHIND1951N  -4.5  -3.6   2.2   4.5   9.9  12.0  14.3  15.5  10.7   7.6   1.7  -2.0
WHIND1952N  -3.7  -0.2   1.6   7.6  10.3  13.4  15.9  15.4  10.8   4.9  -0.4  -3.4
WHIND1953N  -4.5  -0.8   3.7   6.7  10.5  13.8  17.1  15.0  11.8   5.4  -3.2  -1.5
WHIND1954N  -4.5  -1.7   3.0   6.4  10.2  13.2  14.9  14.4  12.2   4.7   0.9  -3.4
WHIND1955N  -3.8  -2.4   3.7   3.8   8.1  13.1  14.9  16.8  11.6   6.0  -0.4  -2.8
WHIND1956N  -3.6  -2.8   2.6   7.2  12.1  14.2  16.8  15.2  15.7   7.0  -0.4  -2.6
WHIND1957N  -3.6  -3.0   1.1   5.2   9.2  12.7  15.5  14.8  10.5   5.4   2.9  -0.4
WHIND1958N  -1.6  -1.7   2.5   8.2   9.4  12.8  17.1  14.6  12.6   6.3   1.5  -0.7
WHIND1959N  -4.9  -4.5   2.2   7.2  10.7  14.2  16.1  16.9  15.0   7.9   2.1  -1.8
WHIND1960N  -5.2  -0.2   1.3   5.4  10.2  13.0  16.5  16.4  10.9   4.4   0.3  -2.1
WHIND1961N  -3.2  -3.7   2.0   6.0   9.7  14.2  17.0  15.8  13.7   5.0   0.6  -3.5
WHIND1962N  -5.2  -1.2   2.1   6.9   9.6  12.9  16.3  15.6  11.4   5.4   1.2  -2.0
WHIND1963N  -5.4  -1.8   1.9   5.7   8.8  13.1  14.8  15.0  10.5   5.8   2.6  -1.8
WHIND1964N  -5.0  -3.4   3.1   7.2   8.1  12.4  15.1  16.1  11.5   5.7  -1.7  -4.3
WHIND1965N  -4.5  -2.2   1.1   5.2   8.6  12.6  15.2  13.1   9.5   6.1   1.9  -4.2
WHIND1966N  -5.7  -2.1   0.4   6.3   9.0  13.3  15.8  15.3   9.0   5.5  -0.4  -4.6
WHIND1967N  -6.1  -2.6   0.4   5.1   8.7  12.8  15.5  14.2  10.6   5.4  -0.8  -2.5
WHIND1968N  -5.2  -4.5   0.7   5.6   9.1  14.0  15.3  13.5  10.4   5.4  -1.4  -4.4
WHIND1969N  -5.8  -4.1   1.8   6.2   8.8  13.9  15.4  15.2  10.1   5.6  -0.3  -4.8
WHIND1970N  -5.7  -4.6  -0.2   7.0   9.5  10.4  15.4  14.6  11.4   6.3  -0.4  -4.9
WHIND1971N  -5.2  -3.2   1.6   6.7   8.6  13.1  15.2  14.3   9.5   5.4   0.9  -1.9
WHIND1972N  -3.5  -4.2   2.8   5.0   9.3  12.5  14.0  14.6  10.2   4.5   2.0  -1.1
WHIND1973N  -2.8  -0.7   1.7   7.5  10.5  14.9  16.3  15.5  12.3   5.2  -0.1  -2.7
WHIND1974N  -4.4  -3.8   3.1   6.8   9.2  11.8  14.6  13.9   9.4   4.5  -1.5  -3.0
WHIND1975N  -3.9  -2.5   0.4   4.5   8.4  11.2  13.1  14.0  10.5   4.7  -1.9  -4.3
WHIND1976N  -4.4  -2.7   0.4   4.8   8.7  11.5  15.2  13.4  10.2   6.0   0.9  -2.6
WHIND1977N  -4.1  -2.3   1.8   6.0   8.8  11.5  15.4  14.4  11.0   6.3   1.9  -1.4
WHIND1978N  -4.8  -3.2   0.7   6.3  10.4  12.9  15.2  14.5  10.5   4.4   1.5  -1.9
WHIND1979N  -3.3  -2.5   1.4   6.2   8.8  13.0  15.3  14.5   9.4   6.0   2.4  -1.3
WHIND1980N  -2.9  -1.4   2.0   7.2  10.2  13.6  16.1  14.5  10.3   6.3   1.3  -1.3
WHIND1981N  -3.5  -0.7   2.3   7.0  11.0  13.1  15.7  14.3   9.9   5.1   0.6  -4.2
WHIND1982N  -4.1  -3.2   0.3   6.2   8.9  12.4  14.9  15.2   9.3   5.7   1.8  -1.2
WHIND1983N  -3.4  -3.3  -0.5   5.0   9.5  12.8  15.5  14.8   9.3   5.4  -0.8  -2.6
WHIND1984N  -4.7  -3.3   3.3   6.7  10.8  15.3  15.8  17.0   9.3   4.6   0.6  -2.4
WHIND1985N  -3.5  -2.8   2.9   6.8   9.7  12.8  16.0  15.3  10.7   5.1   0.2  -1.5
WHIND1986N  -4.1  -2.9   1.3   5.8   8.3  12.9  15.6  14.7  10.4   6.2   1.8  -2.8
WHIND1987N  -3.8  -2.5   2.1   6.1   7.9  13.1  15.7  15.3  12.2   6.0   0.5  -2.4
WHIND1988N  -3.1  -2.1   1.7   7.1  10.6  13.1  14.4  14.9  11.5   5.3   0.7  -1.7
WHIND1989N  -4.6  -3.4   1.5   4.7   9.4  12.6  15.7  15.0  10.8   5.2   0.8  -2.0
WHIND1990N  -3.0  -2.0   0.6   4.9   9.8  13.2  15.6  15.7  10.9   4.9   0.6  -2.1
WHIND1991N  -6.4  -2.0   2.3   5.3   9.7  12.9  15.2  15.0  12.0   4.0  -0.9  -0.6
WHIND1992N  -2.7  -2.3   1.3   5.8   8.3  12.3  15.1  15.0  10.9   5.8   0.8  -2.1
WHIND1993N  -4.3  -1.1   0.5   5.8  10.3  12.8  14.9  14.1  11.0   3.6   1.2  -4.0
WHIND1994N  -2.3  -1.9   3.7   4.6  10.0  13.7  17.4  16.3  10.4   4.6   0.8  -1.7
WHIND1995N  -6.0  -0.5   1.6   5.7   9.9  13.2  16.2  16.2  10.2   6.4   0.2  -1.6
WHIND1996N  -4.3  -0.7   3.3   6.4   9.1  13.8  15.7  15.4  12.0   5.9   1.0  -3.7
WHIND1997N  -4.6  -2.3   2.2   6.0   8.3  12.9  17.2  14.8  12.4   6.6   1.6  -0.8
WHIND1998N  -2.7  -0.9   1.3   7.1  11.1  13.7  16.6  15.9  12.4   6.7   0.6  -4.2
WHIND1999N  -2.4   0.5   3.1   7.6  10.6  12.8  15.9  15.1  12.7   6.2   2.3  -3.9
WHIND2000N  -3.4  -2.5   1.2   6.8  11.8  14.7  16.3  14.9  11.7   5.6   2.5  -1.7
WHIND2001N  -5.0  -1.4   2.0   7.2  11.7  14.5  16.7  15.5  10.3   6.3   1.2  -1.1
WHIND2002N  -3.9  -2.0   2.8   7.9  10.8  14.0  15.3  15.8   9.9   6.0   1.2  -2.0
WHIND2003N  -3.9  -1.4   1.6   6.7   8.3  13.8  16.3  15.0  11.9   4.8   0.6  -1.1
WHIND2004N  -1.9  -0.9   4.2   7.4   9.8  13.2  14.9  14.8  11.1   5.4   1.1  -1.4
WHIND2005N  -3.0  -1.3   3.3   5.9   8.9  13.3  17.9  14.8  12.0   5.7   0.1  -3.9
WHIND2006N  -0.2   2.1   2.9   5.9  12.0  13.1  17.0  16.2  11.0   7.6   3.4   0.0
WHIND2007N   0.2   0.6   1.4   7.7  10.8  14.2  15.5  15.6  11.6   3.9   3.0  -2.7
107      NWIND: NORTHWEST INDIA                MINIMUM TEMPERATURE    
NWIND1901N   8.2   9.6  16.3  20.9  25.2  27.6  26.5  25.1  23.2  20.6  14.0  10.6
NWIND1902N   9.3  11.1  17.9  22.4  25.5  26.6  26.1  25.5  23.6  19.6  13.5   9.3
NWIND1903N   8.6  10.0  14.3  20.2  25.0  28.0  26.7  25.0  24.3  19.7  12.2   8.3
NWIND1904N   8.7  11.3  15.8  21.8  25.1  26.9  25.2  24.5  23.1  19.1  13.9  10.3
NWIND1905N   7.8   7.4  13.8  19.3  26.4  27.5  26.0  25.8  24.3  19.7  15.1   9.8
NWIND1906N   6.9  10.1  15.0  20.7  26.5  26.6  26.0  24.9  23.5  19.6  14.2  10.3
NWIND1907N  10.3  11.1  14.7  20.5  23.7  26.6  26.9  24.5  22.9  18.9  14.0   7.9
NWIND1908N   9.0  10.3  14.9  21.8  24.9  27.5  25.0  24.4  22.6  18.7  12.8   8.4
NWIND1909N   8.3  10.2  15.6  20.6  24.3  26.3  25.1  24.0  22.7  18.7  13.9   9.4
NWIND1910N   8.2  10.6  15.5  19.9  24.8  26.3  25.1  24.6  23.6  18.2  12.0   8.9
NWIND1911N  10.3  10.8  14.5  20.6  25.7  26.7  26.6  25.5  23.7  19.9  13.4   9.8
NWIND1912N  10.3  12.2  14.5  21.8  25.5  27.6  26.0  24.5  22.0  18.5  12.7   9.0
NWIND1913N   8.3  11.1  13.5  21.8  24.2  25.7  25.0  24.3  23.3  19.5  13.0   9.4
NWIND1914N   9.9  10.3  14.7  21.1  25.6  26.5  25.6  24.5  23.7  18.6  15.2   8.2
NWIND1915N   8.5  10.0  16.2  21.4  26.4  27.1  26.7  25.5  24.9  21.3  13.8   9.7
NWIND1916N   9.2   9.8  17.6  22.4  24.8  26.5  25.8  24.6  23.8  19.2  11.6   7.8
NWIND1917N   9.0  11.1  15.2  19.0  21.8  26.0  25.2  24.6  23.5  18.8  10.9   9.1
NWIND1918N   7.4  10.9  15.5  19.2  26.1  26.1  26.1  25.3  23.0  18.7  13.6   8.6
NWIND1919N   9.2  10.3  16.1  20.6  25.0  27.5  25.6  24.8  23.0  18.7  13.8   9.0
NWIND1920N   9.4  10.4  15.9  20.4  22.3  25.5  25.3  24.1  23.9  19.6  14.2   8.7
NWIND1921N   8.7  10.2  17.3  23.0  26.4  27.5  26.6  24.7  23.3  18.8  13.1  10.8
NWIND1922N   8.5  11.9  15.9  21.8  24.7  26.2  25.5  24.3  23.3  18.2  12.8   9.0
NWIND1923N   8.7  10.3  16.1  21.2  24.3  27.5  25.6  24.2  23.2  18.5  12.6   9.7
NWIND1924N   8.4  11.0  16.8  21.5  23.1  27.4  26.2  24.8  23.2  18.4  12.2   9.9
NWIND1925N   6.5   8.2  15.7  22.6  25.1  25.4  24.9  24.9  23.5  19.9  13.7   9.1
NWIND1926N   9.2  12.7  15.6  18.7  23.8  27.7  26.1  24.9  23.1  18.0  10.9   8.2
NWIND1927N   6.0   9.5  14.0  20.2  24.3  26.9  25.3  24.3  22.8  19.5  12.8  10.4
NWIND1928N   8.9  11.2  16.1  21.0  25.9  26.7  25.7  24.9  23.0  19.8  14.0   9.1
NWIND1929N   7.8   9.7  16.8  22.1  25.8  26.9  25.4  24.3  23.1  18.8  13.9   8.4
NWIND1930N   8.4  10.1  15.3  20.5  24.7  26.1  24.7  24.2  23.1  19.1  12.2   8.1
NWIND1931N   9.0   9.8  14.4  21.7  24.9  27.4  25.9  25.3  23.4  19.3  12.7   9.3
NWIND1932N   9.8   9.5  15.9  20.7  24.6  27.6  25.8  24.1  23.7  19.1  11.7   9.0
NWIND1933N   7.0  11.1  15.3  19.8  23.9  26.5  25.5  24.2  23.2  18.6  12.8   9.1
NWIND1934N   6.3  11.2  14.7  20.5  24.3  26.5  25.4  24.5  23.2  16.9  12.3   9.9
NWIND1935N   6.4  11.1  14.8  18.6  24.7  27.2  25.4  24.1  22.8  17.8  13.1   9.0
NWIND1936N   6.9  10.8  14.7  20.1  26.4  25.7  25.1  24.4  23.3  18.5  13.8   9.4
NWIND1937N   7.0  11.3  14.0  20.1  24.9  27.1  25.3  24.8  23.5  17.7  12.8   7.2
NWIND1938N   8.2   9.0  16.4  21.3  26.4  26.0  25.8  25.0  23.5  19.5  11.2   8.7
NWIND1939N   8.6  11.5  13.7  19.0  25.0  26.1  25.6  25.3  23.6  19.6  12.5   9.2
NWIND1940N   9.0  11.2  14.4  19.8  25.6  26.9  25.8  24.7  22.6  18.7  13.7   8.4
NWIND1941N   7.8  11.5  16.8  22.6  26.0  26.8  25.8  25.2  23.6  21.1  12.8   9.8
NWIND1942N   7.6  11.6  16.2  22.5  25.4  27.8  25.3  24.3  22.8  17.9  12.7   8.2
NWIND1943N   8.8   9.7  15.7  20.1  25.4  26.4  25.2  24.0  23.6  17.8  13.0   9.0
NWIND1944N   7.9  10.3  15.0  20.2  25.8  26.3  25.4  24.7  22.9  17.7  13.1   9.7
NWIND1945N   6.7   8.9  15.3  19.7  24.6  27.0  25.2  24.8  23.3  18.5  11.9   6.6
NWIND1946N   7.1  11.4  14.8  22.8  25.4  27.0  25.4  24.7  23.0  19.4  12.6   8.7
NWIND1947N   7.3  10.2  15.9  21.6  25.5  27.8  26.1  25.3  23.7  17.9  13.8   9.0
NWIND1948N   8.9  10.3  15.5  22.0  26.1  27.6  26.3  24.7  23.7  20.2  12.9   9.0
NWIND1949N  10.0  10.9  16.1  22.1  27.0  27.2  25.7  24.8  24.5  19.3  11.6   7.9
NWIND1950N   9.5   8.4  15.0  20.0  25.5  27.2  25.4  24.4  23.2  18.1  10.9   6.4
NWIND1951N   7.0   8.9  15.4  19.3  24.8  26.8  26.6  24.8  23.8  21.5  14.7   9.0
NWIND1952N   8.7  12.2  15.3  22.4  26.1  26.6  25.6  24.2  23.4  18.8  11.9   8.9
NWIND1953N   8.2  12.2  17.6  21.5  26.1  27.5  26.0  24.6  23.4  17.9  12.2  10.1
NWIND1954N   7.0  12.2  15.6  21.3  25.6  27.5  25.9  25.1  23.9  17.0  12.8   7.9
NWIND1955N   8.4  10.5  17.4  18.6  24.2  27.4  26.1  24.8  23.5  18.6  11.5   8.8
NWIND1956N   8.2   9.4  16.0  21.2  26.4  26.9  24.6  23.9  23.6  18.7  11.8   9.2
NWIND1957N   8.1   8.4  14.7  20.3  24.0  26.4  25.9  25.0  22.7  18.7  14.5   9.8
NWIND1958N   9.8  10.5  16.4  22.9  25.1  27.4  25.6  25.3  23.7  19.4  13.7  10.4
NWIND1959N   8.2  10.1  16.2  21.4  25.0  27.3  25.3  24.6  23.7  20.2  13.0   8.9
NWIND1960N   7.1  11.5  14.8  19.7  24.6  26.8  25.8  24.9  23.8  18.6  11.9   9.3
NWIND1961N   8.2   9.2  16.3  20.1  25.0  26.4  25.4  25.0  23.9  18.3  12.5   6.7
NWIND1962N   5.9  10.9  15.1  21.3  24.9  26.5  25.5  24.4  22.8  16.7  12.6   9.1
NWIND1963N   6.7  11.4  15.4  21.1  24.6  26.6  26.1  24.8  22.6  19.4  15.0   9.5
NWIND1964N   6.0   9.7  16.1  21.7  23.4  26.2  24.9  24.7  23.0  18.3  11.1   8.4
NWIND1965N   9.7  10.1  14.3  19.7  23.7  26.8  25.4  24.2  22.8  19.4  13.6   7.9
NWIND1966N   8.2  12.0  14.5  20.6  24.2  26.3  25.8  24.3  22.6  19.1  13.6   7.3
NWIND1967N   5.5  11.1  15.1  19.7  23.6  26.3  25.3  24.1  22.8  18.2  13.6  10.8
NWIND1968N   7.3   9.1  15.1  20.3  23.7  26.9  25.1  23.8  23.5  18.6  13.1   8.6
NWIND1969N   7.4  10.2  17.3  21.3  24.2  27.3  25.8  24.7  23.4  19.5  15.2   9.3
NWIND1970N   8.5  10.3  15.2  21.7  25.8  26.3  25.7  24.7  23.5  19.7  11.6   7.8
NWIND1971N   6.6   9.8  14.4  21.6  24.1  25.8  24.7  24.0  22.7  19.1  12.7   8.4
NWIND1972N   7.7   7.8  15.6  20.0  24.6  26.7  25.6  24.4  22.1  18.3  12.9   9.3
NWIND1973N   7.1  11.4  14.9  21.9  25.2  26.3  25.3  24.3  23.3  18.0  11.8   8.1
NWIND1974N   7.1   8.5  16.5  21.5  24.3  25.6  25.4  24.9  23.7  19.2  11.7   8.2
NWIND1975N   6.8   9.2  14.3  20.9  25.4  25.6  24.9  24.4  23.0  19.4  11.0   8.0
NWIND1976N   9.1  11.0  15.4  20.4  24.4  25.4  25.4  24.1  22.9  19.0  15.3   8.7
NWIND1977N   7.4  10.7  16.0  21.2  23.8  25.7  25.0  24.4  22.7  19.2  15.4   9.2
NWIND1978N   6.6  10.0  14.1  20.8  25.7  26.3  24.9  24.6  22.8  18.3  14.0   9.0
NWIND1979N   8.3   9.7  13.8  20.7  23.1  26.6  25.7  24.3  22.8  19.5  16.0  10.0
NWIND1980N   7.5  10.7  15.1  21.9  25.6  26.8  25.3  24.9  23.5  19.6  14.0   8.8
NWIND1981N   8.2  10.4  15.5  21.4  24.8  26.9  25.4  24.6  23.6  19.0  12.4   8.2
NWIND1982N   8.3  10.2  13.7  19.7  23.1  26.2  25.9  24.6  23.2  19.5  14.0   9.4
NWIND1983N   7.4   9.6  14.4  19.2  23.8  25.9  25.4  24.8  23.7  18.3  11.9   8.2
NWIND1984N   6.6   8.2  15.9  21.2  25.4  26.8  25.2  24.3  22.4  17.3  11.7   8.6
NWIND1985N   7.6   9.6  16.2  20.9  25.1  26.2  25.2  24.6  23.2  18.7  13.3   9.8
NWIND1986N   7.9  10.5  15.6  20.9  23.6  26.7  25.3  24.5  23.2  18.8  13.7   7.8
NWIND1987N   8.7  11.1  16.3  21.0  23.6  26.9  26.4  25.5  24.2  20.0  13.1   8.9
NWIND1988N   9.1  11.8  15.7  22.0  25.8  27.0  25.6  24.5  24.0  19.1  12.6   9.3
NWIND1989N   6.8   9.7  15.7  19.2  24.6  26.3  25.5  24.6  23.3  18.6  13.7   9.1
NWIND1990N   9.4  11.3  14.7  20.2  25.5  26.9  25.5  24.8  23.3  18.8  13.5   9.7
NWIND1991N   7.4  11.1  15.7  20.1  25.0  26.7  26.4  24.7  23.0  17.2  12.8   9.1
NWIND1992N   8.4   9.8  15.4  20.2  24.2  27.1  25.2  24.3  22.0  18.8  12.9   9.5
NWIND1993N   8.9  11.4  14.8  20.8  25.4  26.8  25.3  25.0  23.4  19.8  14.0   8.9
NWIND1994N   9.4  10.0  16.3  19.7  25.2  26.8  25.0  24.3  22.0  17.2  12.7   8.7
NWIND1995N   7.2  10.8  14.8  19.9  25.3  27.8  26.2  25.1  23.8  20.2  13.0   9.7
NWIND1996N   8.1  11.1  17.4  20.5  24.5  26.4  25.9  24.5  23.4  19.1  12.0   7.8
NWIND1997N   6.9   9.7  15.9  19.8  23.1  25.2  26.0  24.4  23.6  18.2  14.2   9.0
NWIND1998N   7.8  10.7  14.6  21.7  25.6  26.9  25.6  25.2  24.1  20.0  13.7   8.8
NWIND1999N   8.1  11.8  15.3  21.3  25.2  25.7  25.7  24.5  24.0  19.1  13.7   8.1
NWIND2000N   8.6   9.4  14.6  22.1  25.7  26.2  24.9  24.7  23.2  20.1  14.6   9.1
NWIND2001N   7.9  11.3  16.2  21.2  25.6  25.7  25.2  24.8  23.7  20.5  14.0   9.9
NWIND2002N   8.3  10.8  17.0  22.5  26.3  27.1  26.7  25.2  23.1  19.8  14.3  10.3
NWIND2003N   8.1  11.6  15.9  21.7  24.4  26.6  25.1  24.7  23.3  18.0  13.4   9.5
NWIND2004N   8.6  10.8  17.2  22.7  24.9  25.5  25.7  24.0  23.4  18.4  13.9  10.2
NWIND2005N   7.4  10.5  16.5  19.7  23.9  26.2  25.0  24.2  23.4  18.2  12.7   7.3
NWIND2006N   9.0  14.1  16.0  21.4  25.5  25.7  25.7  24.1  23.2  20.7  15.1  10.8
NWIND2007N   9.1  13.2  16.2  23.1  25.7  27.1  26.0  25.3  24.3  18.3  14.4   9.9
107      NCIND: NORTH CENTRAL INDIA            MINIMUM TEMPERATURE    
NCIND1901N   8.6  10.7  15.2  20.4  24.7  26.7  25.0  23.9  22.3  19.1  12.7   8.7
NCIND1902N   9.1  10.7  16.8  21.4  25.5  26.4  24.1  24.1  22.8  18.3  12.1   8.3
NCIND1903N   8.8   9.5  14.4  20.2  24.2  26.4  25.4  23.9  23.3  19.1  11.6   7.7
NCIND1904N   8.9  10.4  15.4  21.4  24.3  25.7  23.7  23.4  22.0  17.7  11.9   9.5
NCIND1905N   8.1   6.9  13.9  18.2  24.9  27.3  24.5  24.1  23.1  17.6  12.7   8.1
NCIND1906N   7.4  10.8  14.5  20.8  26.2  25.9  24.5  23.8  22.8  18.3  12.8   9.5
NCIND1907N   9.5  11.0  13.8  19.5  23.1  25.8  25.2  23.6  22.5  18.0  12.6   7.0
NCIND1908N   7.7  10.3  14.5  22.1  25.0  26.7  24.0  23.6  22.6  17.4  11.4   7.3
NCIND1909N   9.2  10.2  15.5  19.7  24.4  24.5  23.8  23.4  22.5  17.4  12.4   9.6
NCIND1910N   8.1   9.6  14.9  20.2  24.6  24.9  23.9  23.6  23.1  18.1  11.8   8.1
NCIND1911N  10.8   9.7  14.2  20.0  25.2  25.1  25.3  23.6  22.6  19.2  13.5   8.4
NCIND1912N   9.3  11.7  14.1  20.7  24.7  26.1  24.3  23.5  21.5  17.4  12.1   8.0
NCIND1913N   7.6  11.6  13.5  21.2  23.4  24.0  23.8  23.3  22.2  18.2  11.4   8.8
NCIND1914N   9.0  11.1  14.8  20.1  24.5  25.4  24.3  23.7  23.0  17.4  13.6   8.4
NCIND1915N   9.2  10.4  15.6  20.9  26.3  26.3  24.8  23.9  23.1  20.5  13.7   8.7
NCIND1916N   8.0  10.3  16.2  22.2  24.7  24.4  23.9  23.5  23.0  19.8  12.3   7.5
NCIND1917N   8.3  10.6  14.2  18.5  21.3  24.5  24.0  23.6  22.8  19.3  11.3   8.7
NCIND1918N   6.9  10.6  15.3  19.3  25.7  24.3  25.0  23.7  22.2  16.9  12.2   7.9
NCIND1919N  10.0  10.1  15.8  20.2  24.1  25.9  23.7  23.6  22.4  17.6  13.0   8.3
NCIND1920N   8.8  10.2  15.5  20.0  22.2  25.6  23.9  23.3  22.5  18.3  12.6   8.0
NCIND1921N   9.2  10.0  16.7  22.4  26.6  25.6  24.6  23.4  22.4  17.2  11.2   9.7
NCIND1922N   9.0  11.4  15.6  21.4  25.3  25.0  24.1  23.4  22.8  17.3  12.7   8.5
NCIND1923N   8.5  10.5  15.3  21.2  24.8  27.7  24.3  23.6  22.9  17.5  12.4   9.8
NCIND1924N   9.2  11.0  16.2  21.6  23.4  27.1  24.2  23.7  22.8  18.9  12.7   9.5
NCIND1925N   6.9   8.6  14.8  21.9  24.3  24.4  23.6  23.9  22.3  18.4  12.8   8.0
NCIND1926N   8.8  11.3  14.9  18.2  23.3  27.1  24.7  23.9  22.6  17.3  10.0   7.4
NCIND1927N   6.9  10.2  13.8  20.0  24.0  25.8  24.1  23.3  22.4  18.4  12.4  10.0
NCIND1928N   9.3  11.3  15.1  20.0  25.7  25.1  24.1  24.1  23.0  19.6  12.8   9.4
NCIND1929N   8.5   9.3  15.8  21.4  25.7  25.2  24.0  23.1  22.4  17.6  11.6   8.4
NCIND1930N   8.0   9.5  15.5  20.4  24.6  25.5  23.7  23.6  22.7  18.8  12.2   8.1
NCIND1931N   9.6  11.1  14.6  21.7  25.2  26.4  24.2  24.3  22.9  19.1  12.2   9.1
NCIND1932N   9.5   9.3  15.3  20.4  24.4  27.0  24.5  23.7  23.0  18.3  12.3   8.3
NCIND1933N   7.6  11.4  15.4  19.2  22.7  25.2  24.1  23.5  22.6  18.2  12.2   8.9
NCIND1934N   7.7  10.4  14.6  20.4  24.4  25.3  24.0  23.6  23.0  16.7  11.9   9.5
NCIND1935N   7.4  10.9  14.6  18.3  24.8  26.2  24.1  23.2  22.4  16.9  11.8   8.7
NCIND1936N   7.4  10.5  15.2  19.9  25.8  24.3  23.9  23.7  22.6  17.7  13.6   9.4
NCIND1937N   6.5  11.7  13.9  19.3  24.4  25.9  24.3  23.7  22.8  17.4  12.2   7.5
NCIND1938N   9.7   9.3  16.5  21.2  25.7  24.2  24.0  23.7  22.9  18.9  11.1   7.9
NCIND1939N   9.3  11.5  13.9  19.9  25.6  25.4  24.1  23.7  22.7  18.8  11.5   8.0
NCIND1940N   7.9  10.7  14.2  19.8  25.3  26.0  24.4  23.8  22.1  17.9  13.0   9.1
NCIND1941N   9.0  10.9  16.6  22.5  25.8  25.6  24.8  24.0  22.9  19.5  12.2   9.2
NCIND1942N   8.3  11.7  15.9  21.8  26.2  27.0  24.2  23.6  22.4  17.2  12.3   8.8
NCIND1943N  10.7   9.7  15.1  19.7  25.1  25.5  23.9  23.2  23.2  18.0  12.4   8.3
NCIND1944N   8.5  10.6  14.8  19.5  25.7  25.1  24.1  23.7  22.4  17.7  12.1  10.0
NCIND1945N   7.8   9.0  14.9  19.5  24.5  26.4  24.4  24.0  23.0  18.3  11.6   7.1
NCIND1946N   7.9  12.0  14.9  21.9  25.1  25.3  24.3  24.1  22.8  19.2  13.6  10.7
NCIND1947N   8.5  10.6  15.9  21.8  25.4  26.8  24.3  24.0  23.4  17.9  12.7   9.4
NCIND1948N  10.1  10.9  14.8  22.1  25.8  26.4  24.1  23.8  23.0  19.3  13.8   8.4
NCIND1949N   9.7  11.0  15.9  21.7  25.7  26.1  24.3  23.8  23.3  19.5  11.0   7.7
NCIND1950N   9.6   9.7  14.9  19.8  25.1  25.8  24.2  23.5  22.6  17.1  10.9   8.3
NCIND1951N   7.8  10.0  15.6  19.7  24.6  26.1  24.8  24.0  22.8  20.9  13.7   8.2
NCIND1952N   9.2  12.6  15.2  22.2  26.2  25.9  24.4  23.6  23.1  18.5  11.5   9.4
NCIND1953N   8.8  12.5  17.9  21.6  26.0  26.9  24.1  23.8  22.9  17.9  11.7   9.9
NCIND1954N   8.0  12.6  15.6  21.9  26.2  26.3  24.6  24.1  23.3  16.8  11.6   8.6
NCIND1955N   9.4  11.3  17.0  19.2  24.8  25.9  24.1  23.8  23.2  18.9  11.9   8.9
NCIND1956N   9.3  10.3  16.2  21.6  26.2  24.9  23.8  23.4  22.7  19.2  12.4   9.5
NCIND1957N   9.7   9.2  14.4  20.2  24.5  25.5  24.4  23.8  22.1  18.0  13.4  10.4
NCIND1958N  10.1  11.1  16.2  22.6  25.2  27.1  24.4  23.9  23.3  19.5  13.8  10.2
NCIND1959N   9.9  10.6  15.8  21.1  25.1  26.3  24.2  23.9  23.2  20.0  12.9   9.1
NCIND1960N   8.2  11.7  15.2  20.2  24.7  26.3  24.2  23.8  23.1  18.3  11.9  10.0
NCIND1961N   9.4   9.6  16.1  20.9  25.2  25.5  24.1  23.8  23.0  18.5  12.4   6.8
NCIND1962N   6.8  11.2  15.1  20.9  24.6  25.7  24.2  23.5  22.6  16.7  12.2   9.6
NCIND1963N   7.1  11.4  15.1  20.1  23.6  24.8  24.0  23.6  22.1  18.9  14.9   9.1
NCIND1964N   7.5  10.4  16.2  21.6  23.3  25.7  23.5  23.5  22.4  18.9  11.4   8.7
NCIND1965N   9.4  10.3  14.1  19.6  24.0  26.6  24.2  23.4  22.0  18.5  13.1   8.3
NCIND1966N   8.1  12.1  14.9  21.0  24.5  25.4  24.7  23.5  21.8  17.8  13.9   8.0
NCIND1967N   7.1  11.0  14.5  19.6  24.1  25.9  24.0  23.0  22.4  17.6  12.5  11.1
NCIND1968N   8.5   9.6  14.8  19.8  23.9  25.0  23.6  23.1  22.7  17.4  11.9   8.2
NCIND1969N   7.8  10.7  16.8  21.1  24.0  26.0  23.7  23.3  22.3  18.2  14.4   8.4
NCIND1970N   8.8  10.7  15.0  21.3  24.6  24.0  23.9  23.3  22.4  18.7  11.4   7.3
NCIND1971N   7.5   9.8  14.1  20.1  22.4  23.7  22.9  22.9  22.2  19.0  12.0   8.2
NCIND1972N   7.6   8.7  15.5  19.5  24.8  26.3  24.3  23.1  21.4  17.9  12.9   9.8
NCIND1973N   8.7  11.8  14.9  22.0  25.0  25.3  23.7  23.2  22.7  18.9  12.0   8.5
NCIND1974N   7.4   9.7  16.0  21.7  24.4  25.1  23.4  23.3  22.3  19.2  11.8   7.9
NCIND1975N   7.4  10.3  14.7  20.9  25.2  25.2  23.2  23.3  22.5  20.0  11.2   7.5
NCIND1976N   8.4  11.1  15.2  20.1  24.0  24.7  23.7  23.1  22.1  18.0  15.1   9.3
NCIND1977N   8.0  10.7  16.3  20.9  23.2  25.0  23.8  23.5  22.2  18.9  15.4   9.5
NCIND1978N   7.7  10.4  14.2  20.4  25.6  25.4  23.7  23.4  22.3  18.0  14.6   9.1
NCIND1979N   9.7  10.3  14.1  20.8  23.4  25.4  24.2  23.4  22.4  18.9  15.7  10.0
NCIND1980N   9.0  10.7  15.3  21.9  25.6  24.5  23.8  23.6  22.6  18.7  13.8   9.7
NCIND1981N   8.5  10.3  15.2  20.9  24.3  25.6  24.1  23.6  23.0  18.3  12.6   8.9
NCIND1982N   9.8  10.4  14.0  19.8  23.0  25.3  24.5  23.5  22.4  18.2  13.2   9.5
NCIND1983N   8.2  10.1  14.6  19.1  23.3  25.1  24.1  23.5  22.5  18.1  11.4   8.8
NCIND1984N   8.7   9.4  15.6  20.7  24.9  25.1  23.8  22.9  21.7  18.0  11.8   8.8
NCIND1985N   9.0   9.8  16.4  20.8  24.8  25.1  23.8  23.5  22.3  18.1  12.4   9.8
NCIND1986N   8.7  11.0  15.2  20.6  23.3  25.3  24.1  23.6  22.4  18.0  13.2   9.3
NCIND1987N   9.1  11.4  15.6  20.3  23.0  25.8  24.2  23.6  22.9  19.2  13.9   9.5
NCIND1988N   9.3  11.1  15.2  21.0  25.1  25.4  23.8  23.5  22.8  18.2  12.4   9.2
NCIND1989N   7.9  10.1  15.0  19.4  24.5  24.9  24.2  23.6  22.6  18.2  13.0   9.0
NCIND1990N   9.4  11.2  14.3  19.6  24.5  25.8  24.1  23.8  22.7  17.9  13.6   9.4
NCIND1991N   7.7  11.8  15.8  19.7  24.8  25.3  24.6  23.3  22.2  17.1  12.3   9.1
NCIND1992N   7.9   9.1  15.2  20.3  23.2  25.4  24.1  23.4  21.9  18.2  13.4   8.6
NCIND1993N   8.5  10.9  13.8  19.8  24.3  24.9  23.7  23.4  22.2  18.3  13.0   8.5
NCIND1994N  10.3  10.6  15.8  20.0  24.8  25.5  23.9  23.4  22.1  17.8  13.2   8.9
NCIND1995N   7.9  10.8  15.0  19.9  25.0  26.4  24.6  24.0  22.7  19.4  13.5  10.4
NCIND1996N   9.9  11.3  16.9  20.3  24.6  25.7  24.5  23.6  23.0  18.8  12.7   8.0
NCIND1997N   7.9  10.0  15.7  19.6  23.1  25.0  24.3  23.8  22.8  18.0  15.2  10.8
NCIND1998N   8.9  11.5  14.2  21.0  25.2  26.1  24.2  24.1  23.4  20.4  15.1   9.1
NCIND1999N   7.9  12.5  15.8  21.8  25.0  24.9  24.3  23.7  23.0  19.7  13.9   9.3
NCIND2000N   8.7   9.8  14.3  21.0  24.5  24.5  23.7  23.7  22.1  19.2  14.4   8.8
NCIND2001N   8.1  11.5  15.7  20.6  24.6  24.3  24.4  24.1  22.9  19.8  14.2   9.8
NCIND2002N   8.8  11.9  16.4  21.7  25.5  25.3  25.5  23.9  22.1  18.8  13.8   9.9
NCIND2003N   7.6  12.1  15.5  21.6  24.6  25.8  24.4  23.8  22.7  18.5  13.8  10.0
NCIND2004N   8.7  11.0  17.2  22.0  24.8  24.4  24.0  23.6  22.8  17.9  13.3  10.0
NCIND2005N   9.1  11.8  16.9  20.3  24.1  26.5  24.0  23.8  23.0  19.0  12.3   8.6
NCIND2006N   9.2  14.2  15.9  21.2  25.1  25.7  24.5  23.8  23.1  19.6  14.7  10.4
NCIND2007N   8.8  12.3  15.3  21.8  24.5  26.0  24.4  24.1  23.4  18.1  13.9  10.0
107      NEIND: NORTHEAST INDIA                MINIMUM TEMPERATURE    
NEIND1901N   9.1  11.8  14.6  19.5  21.8  23.9  24.2  23.9  22.8  20.7  14.7   9.7
NEIND1902N   9.2  10.5  16.3  19.2  22.0  23.7  23.8  23.9  23.2  19.0  13.5   9.0
NEIND1903N   8.6  10.3  14.9  19.8  22.1  23.4  24.3  23.6  23.4  20.7  14.0   9.2
NEIND1904N   8.6  10.6  15.5  19.8  21.5  23.7  23.6  23.6  22.9  19.3  13.5   9.6
NEIND1905N   8.3   7.6  14.2  17.0  21.6  24.5  23.8  23.6  23.3  19.8  14.3   9.7
NEIND1906N   8.8  11.6  14.2  19.6  22.3  23.7  24.2  23.4  23.8  20.0  14.7   9.8
NEIND1907N   9.8  11.3  14.0  18.4  21.4  23.4  23.9  23.9  23.2  19.3  13.8   9.1
NEIND1908N   8.2  11.2  15.0  21.3  22.2  24.2  24.0  23.7  23.3  19.1  12.7   8.0
NEIND1909N   9.5  10.4  15.4  19.1  22.1  23.5  24.2  23.4  23.7  20.2  15.0  10.3
NEIND1910N   8.8  10.6  15.3  19.5  21.9  23.5  23.5  23.8  23.6  20.2  14.0   9.4
NEIND1911N  10.8  10.3  14.6  19.5  22.2  23.7  24.2  23.7  23.3  20.1  14.7   8.7
NEIND1912N   9.3  12.0  14.3  18.6  22.0  23.7  23.7  23.6  23.0  19.3  14.1   9.7
NEIND1913N   8.5  11.6  13.9  20.0  20.9  23.0  23.8  23.5  23.1  19.7  12.7   9.7
NEIND1914N   8.8  11.6  14.8  18.2  21.9  23.8  24.1  23.5  23.1  17.9  13.7   9.8
NEIND1915N   9.9  11.5  15.3  19.9  22.7  23.5  24.1  24.0  23.2  22.1  16.4  10.0
NEIND1916N   8.8  11.2  15.9  20.1  22.5  23.6  23.5  23.7  23.4  21.1  15.1   9.2
NEIND1917N   8.3  11.3  14.5  18.4  21.5  23.5  24.0  23.7  23.1  20.7  14.5   9.6
NEIND1918N   7.7  10.4  15.6  18.9  22.7  22.9  24.0  23.4  23.2  19.2  13.7   8.7
NEIND1919N  10.3  10.5  15.9  19.1  21.9  23.9  23.9  24.1  22.8  19.7  15.2   9.8
NEIND1920N   9.5  11.0  15.6  19.1  21.1  23.9  24.2  23.6  23.1  20.2  14.2  10.3
NEIND1921N  10.0  10.9  16.7  20.4  23.2  23.7  24.0  23.8  23.3  19.0  13.7  10.4
NEIND1922N   9.6  11.7  15.6  20.6  22.9  23.5  24.0  23.7  23.4  19.1  14.0   9.8
NEIND1923N   9.2  11.6  15.3  20.5  22.3  24.2  24.0  23.9  23.3  19.1  14.3  10.3
NEIND1924N   9.4  11.1  16.4  20.7  21.9  24.5  24.0  23.7  23.1  21.1  15.7  10.9
NEIND1925N   8.6  10.2  15.0  20.0  21.6  23.8  23.9  23.8  22.9  19.2  13.9   8.5
NEIND1926N   9.0  11.2  15.2  18.4  21.7  23.9  23.8  23.7  23.3  19.6  12.6  10.1
NEIND1927N   9.0  11.0  13.7  19.2  21.5  23.9  24.1  23.7  23.0  20.0  14.4  10.0
NEIND1928N   9.4  11.6  15.6  19.6  22.2  23.6  23.9  23.7  23.6  20.6  13.9  10.1
NEIND1929N   9.6  10.1  15.8  20.2  22.5  23.7  23.9  23.6  23.0  19.6  14.1  10.3
NEIND1930N   8.3  10.7  15.6  19.6  22.2  23.4  23.9  23.7  23.3  19.8  14.6   9.4
NEIND1931N  10.2  12.0  15.0  20.5  22.0  24.1  23.8  24.4  23.3  20.8  14.2  10.4
NEIND1932N   9.7   9.9  15.6  19.5  21.9  24.1  23.9  23.7  23.4  20.0  15.5  10.4
NEIND1933N   8.5  12.1  15.6  18.5  21.3  23.7  24.0  23.5  23.4  20.3  13.6   9.7
NEIND1934N   8.9  11.3  15.0  19.9  22.0  23.3  24.1  23.9  23.7  19.4  14.0   9.9
NEIND1935N   8.4  11.6  15.4  18.8  22.7  23.6  24.2  23.4  23.2  19.2  14.1   9.3
NEIND1936N   7.8  11.0  15.7  19.8  22.5  23.3  24.0  24.0  23.3  19.4  15.1  10.6
NEIND1937N   7.2  12.0  14.3  19.8  21.8  23.9  24.3  23.8  23.5  19.7  13.5   9.6
NEIND1938N  10.3  10.4  16.5  20.5  22.5  23.7  23.9  23.8  23.6  20.4  13.1   9.2
NEIND1939N   9.4  12.1  15.0  19.8  22.6  23.7  24.0  23.7  23.3  20.3  13.9   9.7
NEIND1940N   8.0  11.3  14.5  19.5  22.2  24.1  24.0  23.9  22.9  19.8  14.8  10.6
NEIND1941N   9.2  11.2  16.7  20.8  22.6  24.0  24.2  24.0  23.4  19.7  13.6  10.7
NEIND1942N   9.0  11.5  16.0  20.1  22.9  24.4  24.4  23.7  23.0  19.6  14.8   9.1
NEIND1943N  11.0  10.3  15.3  18.7  22.3  24.0  23.8  23.5  23.5  20.0  14.5  10.3
NEIND1944N   9.3  11.2  15.4  18.6  22.8  24.0  24.0  23.8  23.1  19.6  13.6  11.0
NEIND1945N   8.9   9.4  15.5  19.5  21.6  24.2  24.1  23.8  23.6  19.6  13.5   8.6
NEIND1946N   8.9  12.8  14.9  19.4  22.2  23.8  23.8  24.0  23.3  20.2  15.2  10.7
NEIND1947N   9.2  11.0  16.1  20.3  22.5  24.2  24.1  23.9  23.6  19.6  13.8  10.5
NEIND1948N  10.1  11.3  14.9  20.1  22.1  24.0  23.8  23.8  23.4  19.6  15.8   9.4
NEIND1949N   9.8  11.2  15.6  19.2  22.0  23.9  23.8  23.6  23.5  20.9  13.1   8.6
NEIND1950N   9.2  11.2  15.1  19.1  22.3  23.6  24.0  23.4  23.3  20.1  14.1  10.5
NEIND1951N   8.6  11.0  16.0  18.9  22.2  23.8  23.7  24.2  23.2  21.3  15.1  10.1
NEIND1952N   9.5  12.9  15.1  20.0  22.0  24.1  24.2  23.8  23.3  20.7  14.9  10.3
NEIND1953N   9.3  12.3  17.7  20.1  22.9  23.8  24.0  23.9  23.2  19.5  13.7  11.5
NEIND1954N   8.6  13.3  15.7  21.0  23.1  23.7  23.9  24.0  23.5  19.3  12.8  10.2
NEIND1955N   9.8  11.6  16.7  19.0  23.0  23.8  23.7  23.7  23.5  21.0  14.9   9.7
NEIND1956N   9.5  10.7  16.3  20.8  23.5  23.4  23.8  23.7  23.0  20.6  14.9  10.8
NEIND1957N  11.0  11.0  14.8  19.4  22.6  24.0  24.2  24.1  23.3  19.5  14.2  10.8
NEIND1958N  10.6  11.8  16.2  21.0  22.8  24.9  24.6  23.6  23.8  21.4  15.3  11.7
NEIND1959N  10.5  11.3  15.4  20.5  22.6  23.9  24.2  24.2  23.2  20.7  14.3  10.1
NEIND1960N   8.6  12.5  15.3  20.4  22.8  24.3  24.0  24.3  23.5  20.3  13.8  11.0
NEIND1961N  10.2  11.1  16.4  20.4  22.8  23.9  24.3  24.1  23.6  20.7  13.8   8.3
NEIND1962N   8.0  11.9  15.3  20.4  21.8  23.7  24.3  23.4  23.2  18.9  13.6  10.3
NEIND1963N   7.9  11.6  15.0  19.2  21.4  23.5  24.1  24.0  23.4  20.4  14.7  10.9
NEIND1964N   8.7  11.2  15.8  19.8  21.3  23.6  23.2  23.5  23.0  20.9  14.2  10.1
NEIND1965N   9.2  11.0  13.8  19.0  22.3  24.0  23.4  22.8  22.6  19.4  14.2  10.0
NEIND1966N   9.8  12.2  15.3  20.3  22.4  23.6  24.0  23.4  22.5  18.7  15.7   9.7
NEIND1967N   9.0  11.6  14.8  18.5  21.8  23.4  23.6  23.5  22.7  18.9  12.7  11.1
NEIND1968N   9.6  10.2  15.2  19.0  21.7  22.7  23.5  23.4  22.8  19.0  13.7   9.0
NEIND1969N   8.3  11.4  16.0  19.7  21.9  23.5  23.8  23.0  22.6  19.5  14.7   9.8
NEIND1970N   8.7  11.0  15.2  19.6  21.9  22.9  23.1  23.1  22.5  19.7  13.8   8.6
NEIND1971N   8.6   9.6  13.7  18.5  20.8  23.0  22.8  22.5  22.4  19.9  13.5   9.3
NEIND1972N   8.9  10.1  15.4  18.8  22.1  23.5  23.6  22.8  22.0  19.1  14.1  10.3
NEIND1973N   9.4  11.9  14.7  20.3  21.8  23.2  23.8  23.2  22.5  20.0  14.5   9.6
NEIND1974N   8.5  10.4  15.2  19.8  21.9  23.4  22.8  23.1  22.0  20.7  15.3   9.1
NEIND1975N   8.5  11.5  15.3  19.4  22.1  23.8  23.0  23.2  22.8  21.4  14.0   9.2
NEIND1976N   8.8  12.3  15.5  19.4  21.5  23.2  23.5  23.1  22.7  19.3  16.0   9.8
NEIND1977N   8.5  11.0  16.2  19.5  20.7  22.8  23.7  23.5  22.9  19.3  15.7  10.5
NEIND1978N   8.1  11.0  14.1  19.2  22.4  23.5  23.4  23.8  22.8  20.1  15.4   9.8
NEIND1979N   9.5  10.6  14.6  20.0  22.5  23.9  23.9  24.0  22.8  19.6  16.4  10.8
NEIND1980N   9.1  11.2  15.4  20.2  21.5  23.5  24.0  23.7  23.2  19.6  14.1  10.8
NEIND1981N   9.2  11.6  15.2  18.9  21.5  23.6  23.7  23.7  23.0  19.6  14.3  10.0
NEIND1982N   9.5  10.9  14.6  18.9  21.8  23.5  23.8  23.5  23.0  19.7  14.3  10.6
NEIND1983N   8.3  10.1  15.1  18.6  21.3  23.6  23.9  23.5  23.0  20.0  13.8   9.7
NEIND1984N   9.0  10.9  15.4  19.6  22.3  23.4  23.3  23.3  22.2  20.1  13.6   9.8
NEIND1985N   9.6  10.7  16.2  19.9  21.9  23.3  23.3  23.6  22.4  19.3  14.0  10.9
NEIND1986N   9.2  11.5  15.7  19.6  21.3  23.8  24.1  23.8  22.4  19.4  15.7  11.1
NEIND1987N   9.2  11.8  14.5  18.1  21.4  23.7  23.3  23.4  22.6  20.5  14.9  10.3
NEIND1988N   9.1  11.5  15.2  19.4  22.1  23.3  23.5  23.5  22.7  19.9  14.6  11.2
NEIND1989N   8.7  11.2  15.1  19.3  22.2  23.1  23.6  23.6  22.7  20.4  14.5  10.2
NEIND1990N   9.3  12.0  14.5  19.0  21.6  23.8  23.7  23.8  23.1  19.6  15.5  10.4
NEIND1991N   8.7  12.5  16.0  19.2  21.7  23.3  23.8  23.7  22.7  19.7  13.4  10.2
NEIND1992N   8.7  10.3  15.5  19.5  20.9  23.1  23.2  23.3  22.5  19.5  14.1   9.0
NEIND1993N   9.0  11.9  14.0  18.7  21.2  23.0  23.6  23.3  22.3  19.8  14.7  10.4
NEIND1994N  10.1  11.2  15.6  19.5  22.4  23.7  24.1  24.1  22.8  19.6  14.8   9.8
NEIND1995N   8.5  11.2  15.2  19.4  23.1  24.1  23.9  23.6  22.8  20.1  15.6  11.0
NEIND1996N  10.2  12.0  16.4  19.7  21.9  22.9  23.6  23.4  23.0  19.7  14.5   9.6
NEIND1997N   8.7  10.6  15.6  18.0  21.5  23.4  23.9  23.9  22.6  18.9  15.7  11.4
NEIND1998N   9.5  12.2  14.6  19.7  23.0  24.4  24.2  24.1  23.3  21.8  16.9  10.8
NEIND1999N   8.7  13.0  15.9  21.1  22.2  23.7  23.8  23.5  23.0  20.9  15.5  11.0
NEIND2000N   9.0  10.8  14.9  20.2  22.5  23.7  24.0  24.0  22.8  20.7  15.7  10.1
NEIND2001N   8.2  11.8  14.9  19.5  21.8  23.4  24.2  24.3  23.4  20.6  16.2  10.0
NEIND2002N   9.8  12.1  15.9  19.6  21.9  23.5  24.5  23.6  22.7  19.6  15.1  10.4
NEIND2003N   8.3  12.8  15.6  20.5  22.3  23.8  24.3  24.5  23.8  21.0  15.1  11.4
NEIND2004N   9.6  11.8  17.5  20.1  22.7  23.9  23.8  24.3  23.4  19.4  14.2  11.4
NEIND2005N  10.2  13.3  16.9  19.7  21.7  24.5  23.7  24.1  23.7  20.4  14.0  10.2
NEIND2006N   9.2  13.8  15.9  19.8  22.2  23.5  24.2  24.0  23.0  20.0  15.6  11.1
NEIND2007N   9.0  12.4  15.2  20.3  23.0  24.0  24.2  24.5  23.4  20.5  15.8  10.3
107      IPIND: INTERIOR PENINSULAR INDIA      MINIMUM TEMPERATURE    
IPIND1901N  15.9  17.4  20.4  23.8  24.9  24.4  22.9  22.3  22.4  20.8  17.3  14.2
IPIND1902N  14.6  16.2  20.3  23.9  25.8  24.6  23.1  22.8  22.3  21.0  17.0  15.7
IPIND1903N  15.6  16.3  19.9  23.5  24.7  24.5  22.9  22.4  22.4  20.5  16.4  13.2
IPIND1904N  14.5  15.5  19.7  23.7  25.0  23.6  22.5  22.4  21.8  20.6  15.1  13.9
IPIND1905N  14.2  15.3  20.1  22.3  25.4  24.9  23.1  22.7  22.2  20.4  17.4  13.1
IPIND1906N  15.4  17.3  19.6  24.2  26.1  24.0  23.0  22.5  22.1  20.5  17.2  15.4
IPIND1907N  14.4  17.2  20.0  22.2  24.2  23.9  22.9  22.1  22.0  20.3  17.6  13.7
IPIND1908N  13.8  16.1  19.3  24.1  25.2  24.6  22.6  22.3  22.2  20.4  15.4  12.5
IPIND1909N  15.5  17.1  20.1  22.5  25.2  23.6  22.3  22.3  21.8  19.7  16.4  16.0
IPIND1910N  14.5  15.5  19.8  23.6  25.3  23.9  22.7  22.5  22.0  20.8  15.8  12.7
IPIND1911N  15.0  14.8  19.8  23.4  25.8  23.8  22.8  22.0  22.2  20.7  18.6  15.3
IPIND1912N  14.3  18.1  20.3  24.0  25.6  25.3  23.0  22.5  22.1  20.7  16.9  13.1
IPIND1913N  12.8  18.0  19.5  24.2  24.8  23.9  22.7  22.2  22.3  20.2  16.7  15.1
IPIND1914N  14.0  17.1  20.1  22.9  25.1  24.0  22.8  22.4  22.2  20.1  17.4  15.1
IPIND1915N  15.4  16.8  20.2  23.5  25.6  25.1  23.4  22.8  22.5  21.5  19.4  13.7
IPIND1916N  14.3  16.9  19.8  24.1  25.4  23.4  22.8  22.7  22.3  21.6  18.6  13.7
IPIND1917N  14.2  16.4  19.1  22.4  22.9  23.1  22.8  22.7  22.1  21.2  17.4  14.0
IPIND1918N  14.1  15.9  19.4  22.8  24.3  23.1  23.1  22.4  22.3  19.9  18.9  15.5
IPIND1919N  16.7  18.1  20.4  23.6  24.9  23.7  22.9  22.7  22.3  20.7  18.9  14.9
IPIND1920N  15.6  16.7  20.6  23.6  24.4  24.5  23.1  22.3  22.4  21.3  17.6  13.1
IPIND1921N  15.3  15.9  20.2  24.1  26.2  24.1  22.9  22.5  21.9  20.1  15.3  14.0
IPIND1922N  15.3  16.4  20.1  24.0  25.5  23.9  22.8  22.6  22.2  20.2  18.3  13.2
IPIND1923N  14.4  16.5  20.1  23.4  25.0  25.5  22.8  22.5  22.1  19.9  17.1  15.1
IPIND1924N  15.7  17.7  20.5  24.7  25.6  25.0  23.4  22.9  22.2  20.3  17.3  14.4
IPIND1925N  13.5  15.3  19.7  24.2  24.7  23.8  22.7  22.4  22.3  20.6  18.4  14.8
IPIND1926N  16.5  17.5  20.9  22.6  24.9  25.5  23.3  22.8  22.5  20.6  16.4  14.4
IPIND1927N  16.5  17.5  21.2  24.1  25.4  24.1  22.8  22.4  22.3  20.4  16.7  15.1
IPIND1928N  15.4  17.2  20.0  23.7  25.7  24.1  22.9  22.6  22.2  21.2  17.3  15.2
IPIND1929N  15.2  17.1  20.1  23.4  25.9  23.8  22.8  22.4  22.3  20.3  16.6  15.6
IPIND1930N  14.8  15.5  20.0  23.4  25.4  24.1  22.8  22.4  22.2  21.1  16.9  15.3
IPIND1931N  14.8  17.9  20.7  24.8  25.9  25.0  22.9  23.1  22.5  21.2  17.6  14.7
IPIND1932N  13.7  16.1  19.6  23.6  25.3  24.5  22.8  22.7  22.3  21.6  18.3  14.0
IPIND1933N  14.8  18.1  20.2  23.5  24.2  23.4  23.0  22.5  22.1  20.7  17.3  14.6
IPIND1934N  14.3  15.4  19.7  23.6  25.6  24.4  22.9  22.6  22.3  20.3  15.8  14.1
IPIND1935N  15.3  17.0  19.7  22.8  25.9  24.6  22.9  22.5  22.1  21.0  16.1  15.3
IPIND1936N  16.2  17.7  20.2  23.5  25.6  23.4  23.1  22.5  22.6  20.8  19.1  15.3
IPIND1937N  13.9  18.3  20.6  22.4  25.3  24.8  22.9  22.9  22.5  20.5  17.3  14.4
IPIND1938N  16.3  17.3  21.4  24.1  25.5  23.1  22.7  22.6  22.3  20.2  16.3  13.8
IPIND1939N  14.8  17.1  19.7  23.9  25.8  24.5  22.8  22.7  22.2  21.3  16.4  13.7
IPIND1940N  13.7  17.0  19.8  23.5  25.3  24.3  22.9  22.5  22.3  20.6  18.5  15.5
IPIND1941N  15.9  17.6  21.7  25.0  26.2  24.7  23.3  23.2  22.5  21.0  17.2  15.6
IPIND1942N  15.4  17.9  20.7  24.6  26.3  25.0  23.0  22.6  22.2  19.9  16.6  15.6
IPIND1943N  16.5  15.2  19.9  23.0  25.1  23.6  22.7  22.4  22.2  20.7  17.5  13.4
IPIND1944N  15.2  17.0  19.6  23.0  26.1  24.6  22.9  22.8  22.4  21.3  17.5  14.9
IPIND1945N  14.9  16.3  20.0  23.1  25.6  24.8  23.0  22.9  22.2  20.6  16.1  13.2
IPIND1946N  12.8  16.5  20.7  23.7  25.3  23.9  23.0  22.7  22.2  21.1  19.4  16.9
IPIND1947N  16.4  17.5  21.2  24.1  25.9  25.0  23.1  23.0  22.4  20.0  17.0  15.3
IPIND1948N  16.3  17.6  20.0  24.0  25.9  24.7  23.1  22.7  22.2  21.3  20.3  13.8
IPIND1949N  14.7  16.1  20.5  24.0  25.3  23.9  22.9  22.9  22.4  21.5  16.0  14.1
IPIND1950N  14.4  16.4  19.9  23.5  25.6  24.4  22.9  22.8  22.2  19.8  16.2  13.8
IPIND1951N  14.5  16.0  20.2  23.5  25.3  24.1  23.1  22.8  22.7  21.9  18.1  13.7
IPIND1952N  14.7  17.5  19.6  24.4  25.9  24.6  23.3  22.7  22.4  20.9  15.5  16.1
IPIND1953N  15.3  17.7  21.3  24.2  26.3  25.0  23.0  22.7  22.5  21.4  16.5  13.6
IPIND1954N  14.5  17.5  20.5  24.6  26.1  24.4  22.8  22.7  22.2  19.9  15.4  15.0
IPIND1955N  15.3  17.8  20.6  23.0  24.9  24.2  22.7  22.4  22.3  21.3  16.1  14.1
IPIND1956N  15.1  16.0  20.7  24.3  25.0  23.5  22.3  22.3  22.1  20.9  18.3  14.8
IPIND1957N  15.6  16.5  19.5  23.5  25.5  24.5  23.0  22.6  22.4  21.4  18.1  15.8
IPIND1958N  15.6  17.6  20.9  24.5  25.9  25.6  23.0  22.9  22.5  21.3  19.0  15.5
IPIND1959N  15.9  17.8  20.2  24.1  26.1  24.1  22.8  22.6  22.4  21.3  17.6  14.9
IPIND1960N  15.7  16.5  20.3  23.5  25.5  24.1  23.2  22.9  22.5  20.6  17.3  15.4
IPIND1961N  16.0  16.6  21.4  24.4  25.2  23.7  22.7  22.9  22.2  20.9  17.3  14.6
IPIND1962N  13.5  17.0  20.3  23.3  24.9  24.1  23.0  22.6  22.3  20.8  16.8  15.5
IPIND1963N  14.2  16.0  20.2  22.7  25.0  23.7  23.1  22.6  22.4  21.2  18.2  15.4
IPIND1964N  15.0  17.7  21.0  24.3  25.6  24.3  22.8  22.2  22.1  21.1  16.9  13.9
IPIND1965N  15.3  16.7  19.8  23.1  24.9  24.2  22.6  22.4  22.1  20.6  17.6  16.1
IPIND1966N  15.6  17.3  20.4  24.0  25.0  24.5  23.5  22.9  22.3  20.5  19.5  14.8
IPIND1967N  15.2  15.9  19.7  23.3  25.5  24.4  22.9  22.4  22.1  20.0  16.7  17.3
IPIND1968N  14.8  17.3  19.8  22.7  24.8  24.3  23.0  22.6  22.4  20.1  17.3  14.9
IPIND1969N  14.7  17.6  21.4  24.5  25.3  24.4  22.8  22.4  21.9  20.3  18.9  15.1
IPIND1970N  15.4  17.9  21.0  24.0  25.4  23.5  22.8  22.4  22.2  20.5  16.0  11.8
IPIND1971N  14.7  17.4  19.4  23.1  24.2  23.1  22.7  22.5  22.4  20.8  15.4  13.0
IPIND1972N  13.5  16.6  20.4  23.7  25.5  25.0  23.4  22.9  22.4  20.9  17.8  16.6
IPIND1973N  15.5  18.4  21.1  25.3  26.4  24.8  23.1  22.6  22.5  21.2  16.8  14.8
IPIND1974N  13.7  16.9  20.5  24.4  24.8  24.0  23.2  22.4  22.3  20.9  15.9  13.5
IPIND1975N  13.6  17.7  20.7  24.4  25.7  23.9  22.6  22.7  22.0  21.5  15.8  12.8
IPIND1976N  13.5  15.8  20.2  23.3  24.8  24.0  22.7  22.4  22.0  20.8  20.0  16.0
IPIND1977N  14.4  17.6  21.3  23.8  24.5  24.3  23.1  22.7  22.2  20.5  19.9  14.6
IPIND1978N  15.0  17.6  20.2  23.6  25.7  23.9  22.8  22.5  22.2  20.9  19.3  15.6
IPIND1979N  16.3  17.8  19.8  23.7  24.7  24.8  23.4  22.6  22.4  21.4  19.8  16.1
IPIND1980N  15.7  18.2  21.0  24.6  26.2  24.0  23.1  22.5  22.4  20.7  18.2  15.2
IPIND1981N  14.7  16.5  20.2  23.9  25.2  24.0  23.1  22.6  22.4  20.9  17.0  15.2
IPIND1982N  15.9  17.8  20.6  23.4  24.9  24.3  23.1  22.7  22.0  20.6  18.1  15.0
IPIND1983N  14.3  17.6  20.5  23.4  25.1  24.7  23.3  22.8  22.3  20.6  16.1  15.2
IPIND1984N  16.4  17.7  20.3  23.8  25.8  23.9  22.6  22.2  21.7  20.6  16.4  15.0
IPIND1985N  16.5  16.9  20.8  23.9  25.2  23.7  22.5  22.3  22.3  19.9  16.6  15.7
IPIND1986N  15.0  17.7  20.9  23.7  25.1  23.9  22.9  22.1  22.4  20.9  18.3  16.1
IPIND1987N  15.7  16.6  19.9  23.7  24.5  24.6  23.2  22.9  22.9  21.2  18.5  15.4
IPIND1988N  15.5  17.9  20.9  23.5  25.8  24.4  23.0  22.8  22.7  20.2  16.8  14.9
IPIND1989N  14.8  15.8  19.8  23.3  25.5  23.7  22.8  22.5  22.3  20.5  17.5  15.2
IPIND1990N  14.7  17.3  20.6  23.5  24.6  23.8  22.8  22.7  22.4  20.9  18.8  15.7
IPIND1991N  15.6  17.5  21.2  23.7  25.7  24.0  22.9  22.4  22.5  20.6  17.5  14.4
IPIND1992N  13.4  16.3  19.7  23.3  24.8  24.4  23.3  22.5  22.2  20.9  18.6  13.8
IPIND1993N  14.4  15.9  20.2  23.6  25.4  24.7  23.1  22.8  22.3  21.5  17.5  14.0
IPIND1994N  15.6  17.6  21.1  23.5  25.7  24.2  22.8  22.6  22.0  21.2  17.9  13.6
IPIND1995N  14.4  17.4  20.5  23.3  24.4  25.0  23.1  23.2  22.5  21.3  17.8  15.0
IPIND1996N  16.2  17.5  20.7  23.3  25.3  24.3  23.1  22.5  22.5  20.8  17.2  14.3
IPIND1997N  14.4  15.5  20.2  22.3  24.7  24.3  23.5  23.0  22.7  21.2  20.3  18.0
IPIND1998N  16.7  17.9  20.9  24.2  26.0  25.3  23.6  23.3  23.0  21.9  19.1  14.0
IPIND1999N  13.6  17.8  20.7  23.9  24.8  23.7  23.2  22.8  22.6  21.5  17.5  14.6
IPIND2000N  15.2  17.8  19.7  24.5  25.1  23.8  22.9  22.8  22.5  20.9  17.6  13.5
IPIND2001N  15.3  17.1  21.0  23.5  25.6  23.9  23.4  22.8  22.7  21.1  18.6  15.0
IPIND2002N  15.4  18.0  21.3  24.7  26.0  24.4  23.9  22.8  22.4  21.0  17.7  15.2
IPIND2003N  15.3  18.8  20.8  24.2  26.0  25.0  23.2  22.8  22.5  21.1  17.9  14.9
IPIND2004N  15.2  16.7  20.7  24.1  24.7  23.8  23.0  22.6  22.4  20.5  17.5  14.2
IPIND2005N  15.8  17.5  20.6  23.4  25.2  25.2  23.4  22.9  22.7  21.3  15.9  14.4
IPIND2006N  14.5  16.3  20.7  23.9  25.3  24.5  23.5  22.8  22.8  21.5  19.2  15.6
IPIND2007N  15.3  17.4  21.0  24.1  26.0  24.5  23.7  23.0  22.9  20.7  17.3  16.1
107      ECIND: EASTCOAST OF INDIA             MINIMUM TEMPERATURE    
ECIND1901N  19.6  21.2  22.4  25.3  26.5  27.0  25.7  25.4  25.5  24.3  21.5  18.4
ECIND1902N  18.3  19.4  23.0  25.5  26.9  26.9  25.8  25.6  25.3  23.7  21.4  19.5
ECIND1903N  19.5  20.6  23.1  25.2  26.3  26.6  25.7  25.5  25.1  24.1  21.2  18.2
ECIND1904N  18.2  18.7  22.0  25.6  26.1  26.3  25.4  25.5  25.1  23.8  20.1  18.7
ECIND1905N  18.0  20.0  23.4  24.9  26.2  27.3  26.3  25.6  25.4  23.8  21.3  17.9
ECIND1906N  19.6  21.6  22.3  25.6  27.4  26.5  25.9  25.3  25.5  24.1  21.2  19.8
ECIND1907N  18.2  20.4  22.7  24.5  26.4  26.6  25.8  25.4  25.3  23.6  21.5  18.4
ECIND1908N  17.9  19.6  22.2  25.8  26.9  26.9  25.8  25.4  25.1  23.8  19.7  17.5
ECIND1909N  19.1  20.2  22.1  24.7  26.8  26.3  25.3  25.1  24.9  23.8  21.2  19.6
ECIND1910N  18.8  19.5  22.4  25.1  26.9  26.5  25.4  25.3  25.1  24.1  20.4  17.3
ECIND1911N  18.6  18.6  22.8  25.2  26.8  26.3  25.7  25.4  25.3  23.7  21.8  19.0
ECIND1912N  17.8  21.2  23.3  25.3  27.2  27.2  25.7  25.4  25.2  23.9  21.0  17.6
ECIND1913N  17.1  20.7  22.6  25.6  26.4  26.6  25.6  25.6  25.4  23.5  20.8  19.1
ECIND1914N  17.8  19.9  23.0  24.6  26.5  26.5  25.5  25.2  24.8  23.4  20.9  19.0
ECIND1915N  18.8  20.2  22.8  25.3  27.3  27.2  26.0  26.0  25.3  24.9  23.0  18.2
ECIND1916N  17.9  20.1  22.2  25.6  26.8  26.1  25.3  25.5  25.2  24.4  22.1  18.4
ECIND1917N  17.7  20.0  21.9  25.0  25.3  25.7  25.8  25.4  24.9  24.2  21.8  18.3
ECIND1918N  18.2  18.3  21.9  24.8  25.8  25.6  26.1  25.3  25.4  23.8  22.6  19.2
ECIND1919N  20.2  21.4  22.7  25.7  26.6  26.3  25.6  25.8  25.3  24.1  22.2  19.4
ECIND1920N  19.1  20.7  23.4  25.3  26.6  26.7  26.2  25.6  25.3  24.2  21.7  17.6
ECIND1921N  19.3  19.5  22.8  25.4  27.8  26.8  25.6  25.5  25.0  23.6  19.8  18.5
ECIND1922N  18.6  19.1  22.6  25.5  26.8  26.4  25.7  25.5  25.3  23.4  21.8  17.8
ECIND1923N  18.0  20.3  22.2  25.5  26.6  27.4  25.8  25.7  25.0  23.8  21.5  19.1
ECIND1924N  18.8  20.4  22.1  26.3  27.0  27.3  26.0  25.7  25.1  24.2  21.9  18.5
ECIND1925N  18.2  19.3  22.4  25.4  26.4  26.4  25.6  25.2  25.5  23.8  21.7  19.0
ECIND1926N  19.3  20.2  23.6  25.7  26.9  27.8  25.9  25.7  25.3  23.4  20.2  18.6
ECIND1927N  19.5  20.8  23.4  25.8  27.0  26.7  25.7  25.5  25.3  23.9  21.1  19.1
ECIND1928N  19.0  20.8  22.3  25.5  27.4  26.7  25.7  25.6  25.5  24.6  21.6  19.5
ECIND1929N  19.3  20.3  22.7  25.5  27.4  26.5  25.8  25.4  25.3  23.8  21.0  19.6
ECIND1930N  18.6  19.8  22.6  25.2  26.5  26.2  26.1  25.6  25.3  24.0  21.3  19.2
ECIND1931N  18.7  20.4  23.0  26.0  27.2  27.5  25.7  26.1  25.5  24.5  21.5  19.5
ECIND1932N  18.0  20.1  22.0  25.0  26.4  26.9  25.7  25.5  25.5  24.5  22.3  18.8
ECIND1933N  18.7  20.5  22.2  25.4  26.1  26.4  25.9  25.5  25.3  23.8  21.4  19.0
ECIND1934N  18.5  18.9  22.2  25.5  27.2  26.5  25.7  25.6  25.7  24.0  20.3  18.6
ECIND1935N  18.7  20.4  22.5  25.5  27.6  27.1  26.0  25.5  25.2  24.1  20.6  19.0
ECIND1936N  19.8  21.4  23.1  25.8  26.7  26.0  25.9  25.7  25.5  24.2  22.4  19.9
ECIND1937N  18.3  21.5  23.3  24.9  27.2  27.2  25.9  25.9  25.7  23.9  21.4  18.1
ECIND1938N  19.6  21.1  23.7  25.8  27.3  26.1  25.7  25.5  25.3  24.1  20.6  18.3
ECIND1939N  18.3  19.6  22.3  25.4  27.3  27.0  25.8  25.9  25.4  24.4  21.2  19.1
ECIND1940N  17.1  19.8  23.8  25.1  26.8  26.8  25.9  25.6  25.5  24.2  22.3  19.6
ECIND1941N  19.7  20.8  23.4  26.4  27.6  26.8  26.3  26.3  25.3  24.2  21.3  19.9
ECIND1942N  18.7  20.6  22.8  25.6  27.8  27.4  26.3  25.6  25.4  23.8  21.2  20.0
ECIND1943N  19.7  19.3  22.5  25.0  26.3  26.4  25.7  25.6  25.3  24.0  21.4  18.8
ECIND1944N  19.1  21.0  22.7  24.7  27.2  26.8  25.6  25.9  25.5  24.5  21.6  19.3
ECIND1945N  18.3  20.3  22.9  25.1  27.0  27.2  25.9  25.8  25.4  24.0  20.7  18.0
ECIND1946N  16.7  19.8  23.2  25.2  26.9  26.5  25.9  25.6  25.2  24.2  22.7  20.2
ECIND1947N  20.1  20.2  23.4  26.5  27.3  27.2  25.8  25.7  25.4  23.7  20.7  19.4
ECIND1948N  19.7  21.2  22.8  25.5  27.6  27.5  26.1  25.9  25.5  24.3  23.0  18.6
ECIND1949N  18.4  19.4  22.8  26.0  26.7  26.5  25.5  25.6  25.4  24.8  20.6  18.5
ECIND1950N  18.0  20.2  22.8  25.2  27.2  26.9  25.6  25.7  25.2  23.7  20.9  18.2
ECIND1951N  18.3  19.0  22.6  25.3  26.7  26.7  25.9  25.9  25.7  25.1  22.1  18.8
ECIND1952N  18.6  20.4  22.7  25.8  27.0  27.1  26.2  25.8  25.6  24.0  20.9  19.7
ECIND1953N  19.2  20.3  23.9  26.1  27.9  27.2  26.0  25.8  25.5  24.5  21.2  18.7
ECIND1954N  18.6  20.8  23.1  26.2  27.4  26.9  25.6  25.6  25.3  23.6  19.6  19.4
ECIND1955N  18.8  20.4  22.8  25.4  26.2  26.7  25.6  25.2  25.1  24.3  20.9  18.3
ECIND1956N  18.5  18.9  22.7  25.8  27.0  25.9  25.3  25.3  24.9  23.8  21.8  19.0
ECIND1957N  19.4  20.1  22.2  25.2  27.0  26.8  25.9  25.5  25.5  24.4  21.5  19.6
ECIND1958N  19.3  21.1  23.4  25.9  27.3  28.0  26.1  25.7  25.6  24.6  22.6  20.0
ECIND1959N  19.5  21.2  22.6  25.8  27.3  26.4  25.6  25.5  25.3  24.3  21.1  18.8
ECIND1960N  18.8  19.3  22.6  25.2  26.8  26.8  25.5  26.1  25.1  23.9  21.1  19.4
ECIND1961N  19.5  20.2  23.7  25.8  26.9  26.1  25.3  25.4  24.9  24.0  20.8  18.1
ECIND1962N  17.3  19.9  22.3  25.3  26.5  26.3  25.7  25.3  25.1  23.9  20.6  19.3
ECIND1963N  17.6  19.0  22.7  24.6  26.3  26.4  25.7  25.5  25.4  24.3  21.9  19.4
ECIND1964N  18.8  21.0  23.4  25.7  27.3  26.7  25.3  25.1  24.8  24.1  21.0  18.5
ECIND1965N  18.6  20.1  22.0  24.5  26.2  26.7  25.3  24.9  25.0  23.6  21.2  19.5
ECIND1966N  19.2  20.2  22.7  25.3  27.2  26.2  25.8  25.6  25.0  23.4  22.4  18.8
ECIND1967N  18.9  19.1  22.2  24.9  26.8  26.4  25.4  25.2  25.0  23.3  20.0  20.4
ECIND1968N  18.4  20.3  22.7  24.6  26.4  26.4  25.7  25.7  25.0  23.6  21.3  18.7
ECIND1969N  17.8  19.9  23.2  25.6  26.3  26.6  25.5  25.2  25.1  23.6  21.9  19.1
ECIND1970N  18.9  21.0  23.3  25.6  26.8  26.1  25.5  25.1  25.2  23.6  20.8  16.7
ECIND1971N  18.7  20.5  22.1  24.7  26.0  25.6  25.3  25.0  25.1  23.7  20.1  18.1
ECIND1972N  17.2  19.5  21.7  25.3  26.7  27.1  26.0  25.8  25.4  23.9  21.8  20.4
ECIND1973N  19.2  21.0  22.9  26.1  27.1  26.5  25.9  25.3  25.1  24.2  21.0  18.6
ECIND1974N  17.7  19.3  22.5  25.8  26.2  26.3  25.4  25.3  24.8  23.8  20.8  17.9
ECIND1975N  17.7  20.7  22.9  25.3  26.9  26.2  25.1  25.3  24.8  24.1  20.4  17.5
ECIND1976N  17.2  18.8  22.0  25.0  26.5  26.0  24.9  24.7  24.8  23.6  22.6  19.3
ECIND1977N  17.7  20.4  23.0  25.4  26.1  26.4  25.8  25.5  25.5  23.8  23.0  19.4
ECIND1978N  18.9  21.0  23.0  25.8  27.6  26.7  25.6  25.5  25.1  24.4  22.5  20.0
ECIND1979N  19.5  21.6  22.7  25.7  26.8  27.1  26.4  26.1  25.3  24.3  22.9  20.3
ECIND1980N  19.3  21.0  23.2  26.1  27.6  26.6  25.9  25.6  25.6  23.9  21.5  20.0
ECIND1981N  19.0  20.3  22.9  25.6  26.6  26.9  25.9  25.5  25.3  24.1  21.2  19.4
ECIND1982N  19.2  20.8  23.3  25.6  26.8  26.8  26.1  26.0  25.4  24.1  22.1  19.3
ECIND1983N  18.8  21.8  23.8  25.6  26.8  27.2  26.0  25.7  25.1  24.2  21.4  19.6
ECIND1984N  20.1  21.0  22.7  25.6  27.2  26.6  25.1  25.6  24.9  23.8  20.8  19.0
ECIND1985N  19.7  20.5  23.4  26.2  27.1  26.3  25.5  25.6  25.3  23.6  20.9  19.4
ECIND1986N  18.7  20.7  23.2  25.4  26.7  26.8  26.2  25.6  25.4  24.0  22.0  20.6
ECIND1987N  19.1  19.7  22.6  25.6  26.5  27.1  26.2  25.8  25.8  24.3  22.2  20.2
ECIND1988N  19.0  20.8  23.8  25.2  27.1  26.7  25.5  25.6  25.4  24.0  21.2  19.7
ECIND1989N  18.7  19.3  22.4  25.4  27.2  26.3  25.5  25.6  25.2  24.2  21.2  19.1
ECIND1990N  18.7  21.3  23.8  25.8  26.1  26.7  25.6  25.8  25.4  24.2  22.5  19.9
ECIND1991N  19.7  20.8  23.5  25.9  27.4  26.4  25.9  25.5  25.4  24.2  21.4  19.2
ECIND1992N  17.8  20.8  22.2  25.1  26.4  26.9  25.9  25.5  25.2  24.0  22.5  18.6
ECIND1993N  18.7  20.2  23.3  25.2  26.8  26.8  26.0  25.8  25.1  24.2  21.5  19.0
ECIND1994N  19.1  21.1  23.3  25.7  27.3  26.9  25.7  25.5  25.4  24.2  21.7  18.4
ECIND1995N  18.9  20.8  23.1  25.6  26.2  27.1  25.8  25.7  25.4  24.3  22.2  18.8
ECIND1996N  19.3  20.5  22.8  25.5  27.3  26.1  25.9  25.5  25.1  24.0  21.6  18.8
ECIND1997N  18.6  20.0  23.2  24.5  26.7  27.0  26.3  26.0  25.5  24.0  23.2  21.7
ECIND1998N  20.4  21.8  23.9  25.8  27.6  27.9  26.3  26.0  25.6  24.6  22.8  18.8
ECIND1999N  17.9  20.7  23.4  26.2  26.5  26.3  26.1  25.6  25.6  24.5  21.4  19.2
ECIND2000N  18.8  21.6  23.0  26.2  27.0  26.3  25.7  25.4  25.3  23.9  21.6  18.2
ECIND2001N  18.9  20.9  23.7  25.4  27.0  26.4  26.0  25.7  25.6  24.8  22.9  19.3
ECIND2002N  19.8  20.8  23.7  25.9  27.4  26.7  26.8  25.6  25.6  24.3  21.6  18.9
ECIND2003N  18.8  21.5  23.4  25.9  27.5  27.7  26.1  25.9  25.7  24.6  21.7  19.4
ECIND2004N  18.7  19.9  23.2  25.9  26.6  26.7  25.7  26.2  25.3  24.0  21.1  19.0
ECIND2005N  19.7  20.8  23.9  25.8  27.0  27.6  25.9  25.9  25.4  24.5  20.9  19.4
ECIND2006N  18.3  19.5  23.6  25.8  26.6  26.6  26.2  25.6  25.4  24.4  22.3  19.6
ECIND2007N  18.8  20.5  23.1  25.6  27.2  26.6  26.2  25.6  25.6  24.2  21.6  19.7
107      WCIND: WESTCOAST OF INDIA             MINIMUM TEMPERATURE    
WCIND1901N  16.4  16.7  20.6  23.2  24.3  24.3  23.5  23.0  22.3  21.7  19.5  17.7
WCIND1902N  16.8  17.6  21.2  23.5  24.8  24.3  23.6  23.3  22.5  22.2  19.6  18.3
WCIND1903N  16.6  17.0  19.1  21.9  24.1  24.0  23.5  23.0  22.8  21.4  18.2  16.1
WCIND1904N  16.6  17.5  19.9  22.7  24.1  23.7  23.0  22.8  22.2  21.7  17.9  16.8
WCIND1905N  15.7  15.9  19.2  21.1  24.2  24.2  23.6  23.2  22.5  22.0  20.2  16.3
WCIND1906N  15.9  16.9  19.5  22.2  24.6  23.9  23.4  22.9  22.3  21.4  19.4  17.5
WCIND1907N  16.7  17.9  20.1  22.6  23.5  23.8  23.4  22.6  22.0  21.5  19.6  16.2
WCIND1908N  16.2  16.8  19.0  22.8  23.9  24.1  22.8  22.5  22.4  21.8  18.1  15.5
WCIND1909N  16.2  17.2  20.0  22.1  24.2  23.8  22.8  22.6  22.0  21.0  18.9  17.2
WCIND1910N  15.9  16.9  19.7  22.2  23.8  23.5  23.0  22.8  22.3  21.2  17.9  15.4
WCIND1911N  16.8  16.2  19.4  21.9  24.2  23.8  23.3  22.5  22.4  21.7  20.2  18.5
WCIND1912N  16.5  18.2  19.7  23.3  24.6  24.3  23.3  22.8  22.1  21.6  18.9  16.5
WCIND1913N  15.5  17.8  18.9  22.6  24.3  23.6  23.0  22.6  22.2  21.5  18.7  17.4
WCIND1914N  16.3  17.4  19.3  22.1  24.7  23.9  23.2  22.8  22.7  21.7  20.3  17.2
WCIND1915N  16.8  17.2  20.4  22.8  24.8  24.3  23.7  23.3  22.8  22.1  20.4  16.8
WCIND1916N  16.5  16.8  20.8  22.9  24.1  23.6  23.5  23.0  22.6  21.8  19.3  16.1
WCIND1917N  16.5  17.7  19.7  22.2  22.7  23.5  23.3  22.9  22.6  21.3  18.1  16.2
WCIND1918N  15.9  16.8  19.9  21.5  23.9  23.6  23.3  23.0  22.0  21.4  20.5  17.2
WCIND1919N  17.2  17.6  20.0  22.6  24.3  24.1  23.3  23.0  22.7  21.7  20.5  17.2
WCIND1920N  17.9  17.5  20.6  22.4  24.0  23.8  23.3  22.5  22.8  22.0  19.9  16.1
WCIND1921N  16.7  16.9  20.5  23.1  24.4  24.2  23.3  22.8  22.2  21.5  18.6  17.1
WCIND1922N  16.6  17.9  20.2  23.2  24.1  24.0  23.0  22.7  22.2  21.4  19.8  16.0
WCIND1923N  16.6  16.7  20.5  22.3  23.6  24.4  23.1  22.8  22.5  21.5  18.6  17.6
WCIND1924N  16.7  17.9  21.4  23.4  24.5  24.1  23.6  23.2  22.7  20.9  18.5  17.3
WCIND1925N  15.1  16.0  20.5  23.4  24.5  23.5  23.2  22.9  22.4  22.2  20.5  18.2
WCIND1926N  17.7  18.8  20.8  21.8  24.2  24.7  23.7  23.3  22.7  21.7  18.4  16.7
WCIND1927N  16.1  17.5  19.9  22.3  24.0  23.9  23.1  22.8  22.6  21.8  18.8  17.9
WCIND1928N  17.1  17.5  20.3  23.1  24.4  24.1  23.3  22.6  22.0  21.9  19.9  17.4
WCIND1929N  15.9  17.5  20.9  23.1  24.8  23.7  23.4  22.6  22.4  21.6  20.0  17.0
WCIND1930N  16.6  16.7  20.0  22.5  24.4  23.8  23.0  22.6  22.7  22.2  19.3  17.6
WCIND1931N  17.1  17.8  20.0  23.5  24.6  24.6  23.4  23.4  22.7  21.6  20.0  17.8
WCIND1932N  16.4  17.1  20.3  22.8  24.3  24.0  23.2  23.1  22.7  22.6  19.3  17.2
WCIND1933N  16.2  18.0  20.2  22.9  23.9  23.8  23.5  22.9  22.5  21.6  19.6  17.0
WCIND1934N  15.6  17.1  19.8  22.9  24.1  23.8  23.3  23.1  22.4  21.5  18.5  17.2
WCIND1935N  16.0  17.5  19.8  22.1  24.2  24.1  23.2  22.8  22.0  22.0  18.9  17.6
WCIND1936N  16.0  17.9  20.1  22.7  24.6  23.5  23.3  23.1  23.0  21.7  20.8  17.4
WCIND1937N  15.7  18.3  19.7  22.4  24.2  24.2  23.1  23.1  22.7  21.3  19.6  16.4
WCIND1938N  16.4  17.1  21.1  23.0  24.6  23.6  23.1  23.1  22.4  21.2  18.3  17.3
WCIND1939N  16.7  17.9  19.5  22.2  23.9  24.1  23.3  23.0  22.5  21.8  19.2  16.9
WCIND1940N  16.6  17.9  19.2  22.2  24.5  24.1  23.6  22.9  22.3  21.7  20.5  17.1
WCIND1941N  16.4  18.7  21.1  23.5  24.7  24.7  23.5  23.8  22.9  22.5  19.6  17.8
WCIND1942N  16.1  18.4  20.6  23.5  24.7  24.3  23.3  22.8  22.3  21.1  18.2  17.3
WCIND1943N  16.5  17.1  20.2  22.5  24.4  23.5  22.9  22.7  22.3  21.4  20.0  16.7
WCIND1944N  16.3  17.0  19.7  22.1  24.7  24.4  23.2  23.0  22.6  21.8  19.9  17.3
WCIND1945N  15.2  16.8  19.9  22.1  24.1  24.0  23.0  23.1  22.4  21.3  18.1  15.3
WCIND1946N  15.0  17.7  19.9  23.1  24.4  23.9  23.3  22.7  22.2  21.8  20.4  18.0
WCIND1947N  16.8  17.6  20.6  22.8  24.3  24.6  23.7  23.4  22.7  21.1  19.0  17.3
WCIND1948N  17.3  17.7  20.6  23.0  24.8  24.5  23.8  23.2  22.6  22.4  20.8  17.0
WCIND1949N  16.9  17.5  20.7  23.1  24.6  24.3  23.5  23.3  22.9  22.2  18.4  16.1
WCIND1950N  16.4  16.3  19.8  22.4  24.4  24.4  23.0  23.0  22.5  20.8  17.8  15.7
WCIND1951N  16.0  16.7  20.4  22.3  24.2  24.0  23.4  23.2  23.0  22.6  20.6  16.3
WCIND1952N  16.2  18.1  19.7  23.1  24.8  24.0  23.3  22.8  22.2  21.7  17.8  17.8
WCIND1953N  16.3  18.0  21.2  23.0  24.5  24.3  23.2  23.1  22.6  21.8  18.6  16.6
WCIND1954N  16.1  18.1  20.5  22.9  24.4  24.0  23.0  22.9  22.3  20.7  17.9  16.8
WCIND1955N  16.8  18.0  20.8  21.8  24.2  23.9  23.4  22.8  22.8  21.8  17.9  16.6
WCIND1956N  16.1  16.7  20.7  23.1  24.1  23.6  22.5  22.4  22.2  21.3  19.9  16.7
WCIND1957N  16.3  16.6  19.3  22.8  24.2  24.4  23.4  22.9  22.2  22.1  20.6  18.0
WCIND1958N  17.3  17.7  20.7  23.2  24.5  24.5  23.6  23.2  22.7  21.9  20.0  17.9
WCIND1959N  16.8  17.6  20.2  23.4  25.0  24.0  22.9  23.0  22.7  21.8  19.7  17.7
WCIND1960N  16.4  17.6  20.0  22.4  24.0  23.9  23.4  22.8  22.5  21.2  19.4  17.5
WCIND1961N  16.6  16.7  20.6  22.7  24.0  23.3  22.8  23.1  22.4  21.0  19.5  16.8
WCIND1962N  15.0  17.7  19.8  22.8  24.2  24.1  23.5  23.0  22.6  21.3  19.3  18.0
WCIND1963N  16.7  17.3  20.3  22.4  24.2  24.0  23.4  23.0  22.4  21.8  20.3  18.2
WCIND1964N  14.9  16.8  20.4  23.2  24.5  23.7  23.0  22.8  22.3  21.4  18.6  16.2
WCIND1965N  16.9  17.3  19.5  22.3  23.7  24.0  23.1  22.9  22.4  21.6  19.6  17.8
WCIND1966N  16.9  18.3  19.9  22.4  24.0  24.0  23.4  23.1  22.5  21.8  20.2  17.0
WCIND1967N  15.1  16.8  20.1  22.3  24.3  23.6  23.0  22.9  22.4  21.2  18.7  18.4
WCIND1968N  15.8  16.6  19.9  21.8  23.3  23.8  23.1  22.7  22.5  21.2  19.2  17.1
WCIND1969N  15.7  17.4  20.8  23.1  24.7  24.1  23.3  22.8  22.2  21.2  20.6  18.0
WCIND1970N  16.3  17.3  19.8  22.9  24.4  23.8  23.2  22.8  22.3  21.9  18.1  14.9
WCIND1971N  15.4  16.7  19.8  23.0  24.1  23.3  23.0  22.6  22.3  20.9  17.6  16.0
WCIND1972N  15.0  16.0  19.6  22.2  23.8  24.4  23.4  22.9  22.5  22.0  18.7  17.6
WCIND1973N  15.3  17.7  19.8  23.4  24.7  24.1  23.1  22.7  22.3  21.5  18.4  17.1
WCIND1974N  15.1  16.1  20.5  23.2  23.6  23.9  23.3  22.8  22.8  21.8  17.6  16.2
WCIND1975N  15.2  17.4  19.2  22.6  24.2  23.7  23.1  22.8  22.5  21.8  17.8  15.7
WCIND1976N  15.9  16.8  20.1  21.9  23.7  23.6  23.3  22.8  22.3  21.6  21.2  17.8
WCIND1977N  15.7  17.9  21.1  23.3  24.2  23.8  23.2  23.1  22.4  21.8  21.4  17.2
WCIND1978N  15.8  17.7  19.5  22.7  24.1  23.5  23.1  22.9  22.1  21.5  20.5  18.2
WCIND1979N  17.1  17.0  19.4  22.1  23.5  24.1  23.3  22.7  22.8  22.1  21.5  18.4
WCIND1980N  16.3  18.0  20.7  23.5  24.6  23.8  23.3  22.8  22.3  21.7  20.3  16.8
WCIND1981N  16.3  17.4  20.2  22.7  24.4  24.4  23.4  22.9  22.8  21.9  18.5  17.3
WCIND1982N  16.7  17.9  19.8  22.4  24.0  24.3  23.4  23.2  22.5  22.1  20.4  17.4
WCIND1983N  15.6  16.8  19.5  21.7  24.4  24.3  23.5  23.3  23.0  21.5  17.8  17.3
WCIND1984N  16.3  17.3  20.7  23.2  24.5  24.0  22.9  22.5  22.2  21.3  18.7  16.9
WCIND1985N  16.5  17.1  21.0  22.8  24.3  23.9  23.1  22.7  22.5  21.2  19.1  17.9
WCIND1986N  16.4  17.5  20.5  23.0  24.8  24.1  23.4  22.6  22.6  21.6  19.6  17.1
WCIND1987N  16.6  17.6  20.4  22.9  24.2  24.3  24.1  23.7  23.3  22.7  20.5  18.2
WCIND1988N  16.7  18.2  20.4  23.1  24.9  24.4  23.5  23.4  23.1  21.4  18.6  17.2
WCIND1989N  15.5  16.4  19.8  22.3  24.2  23.9  23.3  22.8  22.4  21.3  19.4  17.1
WCIND1990N  16.0  17.1  19.5  22.0  24.1  23.9  23.1  22.8  22.4  21.7  19.8  17.6
WCIND1991N  15.7  17.0  20.1  22.9  24.4  24.4  23.1  22.9  22.5  21.3  19.8  16.8
WCIND1992N  15.4  17.0  19.9  22.2  24.2  24.4  23.6  23.2  22.6  21.9  19.7  17.1
WCIND1993N  16.4  16.9  19.7  22.3  24.4  24.4  23.3  23.3  22.9  22.7  20.5  17.8
WCIND1994N  17.3  17.6  20.9  22.7  24.5  23.9  23.0  23.1  22.2  22.0  20.1  16.5
WCIND1995N  15.9  18.1  20.0  22.5  24.5  24.9  23.6  23.6  23.0  22.6  19.1  17.0
WCIND1996N  16.7  18.0  20.8  22.8  24.4  24.4  23.6  23.0  22.9  21.7  19.2  17.3
WCIND1997N  16.3  16.5  20.7  21.9  24.0  23.9  24.0  23.4  23.0  22.3  21.6  18.7
WCIND1998N  17.2  17.9  20.2  23.7  25.4  24.7  23.9  23.8  23.2  22.6  20.2  17.4
WCIND1999N  15.7  18.7  20.6  22.9  24.0  23.9  23.6  23.3  23.1  22.1  19.8  17.1
WCIND2000N  17.3  17.7  19.7  23.4  24.3  24.1  23.1  23.2  23.0  22.2  19.5  16.4
WCIND2001N  16.6  17.4  20.0  22.7  24.5  24.0  23.1  23.1  22.9  22.1  19.7  17.4
WCIND2002N  16.2  17.8  20.8  23.1  25.0  24.3  24.1  22.9  22.4  21.7  19.6  17.5
WCIND2003N  17.4  19.0  20.5  23.4  24.9  24.5  23.7  23.4  22.9  21.7  20.3  17.1
WCIND2004N  16.7  17.6  21.1  23.3  24.4  24.0  23.6  22.9  22.9  21.6  20.6  17.3
WCIND2005N  16.2  17.5  20.4  22.6  24.4  24.5  23.7  23.1  22.9  21.8  18.9  16.7
WCIND2006N  16.2  18.0  20.3  23.0  24.6  24.2  23.7  23.0  23.1  22.3  20.5  17.6
WCIND2007N  16.7  18.3  20.7  23.6  25.0  24.4  24.0  23.4  23.2  21.6  19.5  18.2
